9.787952796704067759e-02
9.438493472133975548e-02
8.969221796437101824e-02
7.711092747029285599e-02
-1.867003189265286171e-17
0.000000000000000000e+00
0.000000000000000000e+00
7.319213841132114762e-02
1.522016422325763452e-01
1.651237325169462866e-01
1.968475878260520506e-01
2.254397839556460392e-01
3.055274747706484550e-01
3.896395540339939734e-01
5.473433379274721400e-01
8.430015209827318445e-01
9.485828938841858182e-01
9.708954137244277804e-01
9.708954137244277804e-01
1.000000000000000000e+00
1.000000000000000000e+00
5.559328644495213911e-01
4.427884227303271469e-01
3.650455365309462352e-01
2.347157374494983351e-01
1.265744417944042188e-01
1.015886537796373279e-01
1.004403112135087428e-01
1.004403112135087428e-01
1.000481627823888719e-01
3.688529834991431389e-01
3.880781808389579535e-01
2.977429812358999284e-01
4.959705935681494871e-01
4.678726811943015873e-01
1.005723415069251642e-01
1.004403112135087428e-01
1.001144451150990239e-01
1.005312055623450024e-01
1.703504033784319638e-01
2.954315021206507796e-01
4.113742445906018452e-01
5.325479855143540053e-01
7.255926902509678422e-01
5.346025438794590467e-01
9.948858376672774229e-02
1.627120122531274526e-01
2.151012447274142092e-01
3.158797751194230563e-01
2.587172041383211107e-01
3.297688415065941903e-01
3.504286036658862402e-01
3.131028227810527809e-01
2.887187258213700369e-01
2.903836275281152512e-01
1.000632645091629191e-01
9.948858376672774229e-02
9.587062825625851381e-02
1.023576398967802475e-01
1.602417515617602095e-01
2.434216359582186406e-01
2.111605119932123964e-01
9.761643698216435072e-02
9.546930207604115148e-02
9.921284381842852829e-02
9.459157801536580146e-02
9.626544192075803252e-02
1.004478252613260764e-01
1.015886537796373279e-01
9.272776637490182106e-02
9.123525789662406682e-02
1.019512754653116166e-01
1.012205218950973512e-01
9.720321968883179065e-02
9.552858705395478323e-02
9.275182941745302445e-02
8.170497507284349425e-02
8.075431032161675682e-02
8.857551305247490792e-02
8.545943891118824853e-02
2.257446955743327432e-01
1.963902296798650804e-01
1.676787870574944772e-01
1.913091839975024633e-01
1.544352335818904853e-01
1.326950408385822455e-01
1.565861126156757877e-01
1.472225268873924575e-01
1.254088741522822459e-01
9.272776637490182106e-02
7.874833001201331228e-02
1.443403090883995654e-01
8.589512697455355117e-02
1.386146342726449487e-01
1.132226942232995165e-01
7.485563654142680934e-02
1.132291299281459468e-01
9.076000690347930944e-02
8.588859076859696462e-02
1.001686833920548553e-01
4.598312851612974816e-02
1.180743639550092261e-01
1.108224101348104507e-01
9.024207791227092934e-02
6.604395962532057240e-02
-4.289930105506831723e-17
5.244294070943679442e-02
1.225196100955076584e-01
1.051948706234030750e-01
1.042801512065895803e-01
8.424533155667762729e-02
1.053020677469716226e-01
5.559103116087948243e-02
6.946055637745371381e-02
1.091634295534932159e-01
1.027031522324030610e-01
1.610362397937845913e-01
1.860963047369418866e-01
1.823120909621194496e-01
1.864615341417868444e-01
1.266685652373115978e-01
6.568206449660411728e-02
2.827521541600864358e-02
5.251062817830736557e-02
4.274491018126298086e-02
6.946055637745372768e-02
3.210603365110852037e-02
3.334568596903481758e-02
1.120207131682778579e-01
1.078358434191443449e-01
2.093903589798637166e-01
1.355931388710069352e-01
9.076000690347928168e-02
6.568206449660411728e-02
1.968475878260520506e-01
2.166768207542355551e-01
2.429552293939041818e-01
1.158767654754986609e-01
2.638591455451301249e-01
2.220159960964594170e-01
2.369508632913631119e-01
9.567519472354555354e-01
9.708954137244277804e-01
8.025903831903734575e-01
8.169422738440685894e-01
7.255926902509677312e-01
9.280510016263351369e-01
8.463053648217636615e-01
8.463053648217636615e-01
9.010527993272492431e-01
9.331824517160608456e-01
7.370859516400488642e-01
8.604109679710113534e-01
9.270733307843231907e-01
1.000000000000000000e+00
8.591293727053491702e-01
9.573049323082999384e-01
7.206546445793693412e-02
1.053020677469716226e-01
2.254397839556460392e-01
2.342992501706906705e-01
9.605559110712594828e-01
9.331824517160608456e-01
