0.000000000000000000e+00
0.000000000000000000e+00
0.000000000000000000e+00
0.000000000000000000e+00
0.000000000000000000e+00
0.000000000000000000e+00
0.000000000000000000e+00
0.000000000000000000e+00
0.000000000000000000e+00
0.000000000000000000e+00
0.000000000000000000e+00
0.000000000000000000e+00
0.000000000000000000e+00
0.000000000000000000e+00
0.000000000000000000e+00
0.000000000000000000e+00
0.000000000000000000e+00
0.000000000000000000e+00
0.000000000000000000e+00
0.000000000000000000e+00
0.000000000000000000e+00
0.000000000000000000e+00
0.000000000000000000e+00
0.000000000000000000e+00
0.000000000000000000e+00
0.000000000000000000e+00
0.000000000000000000e+00
0.000000000000000000e+00
0.000000000000000000e+00
0.000000000000000000e+00
1.327251974486401698e-01
2.631028868859611736e-01
3.888241770048308510e-01
5.076655150636832925e-01
6.175248793091688837e-01
7.164567426176809972e-01
8.027114414549507693e-01
8.747632481968039553e-01
9.313361792683865215e-01
9.714298154707964317e-01
9.943348362891167858e-01
9.996456109464458839e-01
9.872684065966653710e-01
9.574219398917823698e-01
9.106347694204702803e-01
8.477345999940553156e-01
7.698337646696790104e-01
6.783118289410621227e-01
5.747876743668843824e-01
4.610921958315523650e-01
3.392388551718527601e-01
2.113829375158973733e-01
7.978576057862778181e-02
-5.322218812184607850e-02
-1.852884101384801030e-01
-3.140770421655095235e-01
-4.373073339133110582e-01
-5.527998005186701702e-01
-6.585116420150110006e-01
-7.525707808026679269e-01
-8.333137443113689535e-01
-8.993122836943215903e-01
-9.493976142114177730e-01
-9.826840663203230131e-01
-9.985827144495980079e-01
-9.968120054391947926e-01
-9.774034559449525927e-01
-9.407001464483444320e-01
-8.873520650923222286e-01
-8.183029547642340917e-01
-7.347739093489855655e-01
-6.382441657289337211e-01
-5.304211704993097021e-01
-4.132118600215950455e-01
-2.886919234665736855e-01
-1.590637999442096606e-01
-2.662016218887303456e-02
1.062935120937188310e-01
2.373264024365638047e-01
3.641609115010832065e-01
4.845508950528820136e-01
5.963671140968191953e-01
6.976317809944351245e-01
7.865515742800034404e-01
8.615539276433362703e-01
9.213121195435737265e-01
9.647678771243399787e-01
9.911527910276631825e-01
9.999999999999330536e-01
8.969246888215178792e-01
8.043852823675960995e-01
7.212950598780305533e-01
6.466786057227157380e-01
5.796580149925850689e-01
5.194467174458856640e-01
4.653374057266495556e-01
4.166944530378333122e-01
3.729468292447223887e-01
3.335798187376999846e-01
2.981313994122208322e-01
2.661851555993333673e-01
2.373658119908299835e-01
2.113350536336064955e-01
1.877866138897312243e-01
1.664441198531974864e-01
1.470568593878808783e-01
1.293972443531141991e-01
1.132574993606569602e-01
9.844820007656943095e-02
8.479538037244778448e-02
7.213865938622956997e-02
6.032946304805330423e-02
4.922884946427392300e-02
3.870653146239819847e-02
2.863890245648943039e-02
1.890778576169673333e-02
9.398689270163082879e-03
0.000000000000000000e+00
0.000000000000000000e+00
0.000000000000000000e+00
0.000000000000000000e+00
0.000000000000000000e+00
0.000000000000000000e+00
0.000000000000000000e+00
0.000000000000000000e+00
0.000000000000000000e+00
0.000000000000000000e+00
0.000000000000000000e+00
0.000000000000000000e+00
0.000000000000000000e+00
0.000000000000000000e+00
0.000000000000000000e+00
0.000000000000000000e+00
0.000000000000000000e+00
0.000000000000000000e+00
0.000000000000000000e+00
0.000000000000000000e+00
0.000000000000000000e+00
0.000000000000000000e+00
0.000000000000000000e+00
0.000000000000000000e+00
0.000000000000000000e+00
0.000000000000000000e+00
0.000000000000000000e+00
0.000000000000000000e+00
0.000000000000000000e+00
0.000000000000000000e+00
0.000000000000000000e+00
0.000000000000000000e+00
0.000000000000000000e+00
0.000000000000000000e+00
0.000000000000000000e+00
0.000000000000000000e+00
0.000000000000000000e+00
0.000000000000000000e+00
0.000000000000000000e+00
0.000000000000000000e+00
0.000000000000000000e+00
0.000000000000000000e+00
0.000000000000000000e+00
0.000000000000000000e+00
0.000000000000000000e+00
0.000000000000000000e+00
0.000000000000000000e+00
0.000000000000000000e+00
0.000000000000000000e+00
0.000000000000000000e+00
0.000000000000000000e+00
0.000000000000000000e+00
0.000000000000000000e+00
0.000000000000000000e+00
0.000000000000000000e+00
0.000000000000000000e+00
0.000000000000000000e+00
0.000000000000000000e+00
0.000000000000000000e+00
2.225958970003616161e-03
1.940349492297336470e-02
7.296372637180378873e-02
1.582820476505541474e-01
1.306676136139786892e-01
1.390896073636214807e-02
6.296349798319447744e-02
2.396078247552365925e-01
5.245967665780427724e-01
7.352953555314919454e-01
7.418084792430868456e-03
2.004231345193534242e-02
8.838537476669544590e-03
1.011500840833017140e-01
4.518971931074772935e-02
3.598896414606006511e-02
9.778694283011390986e-02
7.912458687379637923e-02
3.270553965906480148e-02
5.378093933227151568e-02
7.698574955363861327e-02
2.203364489976638863e-01
2.781257062306886629e-01
1.317061197948889983e-01
4.845892711741002223e-01
6.034561859997072952e-01
8.401800116625578463e-01
2.507807739644772604e-02
6.340937424479727025e-02
3.851431234708136558e-02
1.027699879813029210e-01
1.720971653576349181e-01
3.431720389931420812e-01
2.797637384497783652e-02
3.076043042775705380e-04
-2.951078116218665628e-02
-2.201921167185427394e-02
2.132782082754522066e-02
6.969910810577701898e-01
4.674308150945116203e-01
2.040814681955126220e-02
2.102069856455125174e-01
5.176869814677172998e-01
7.339118332885322671e-01
1.039540394817425363e-02
2.056475612536086406e-02
1.415623146825980942e-02
3.630258310568039160e-01
3.184431259778389839e-02
1.618923636381491837e-02
-1.894780338092495395e-03
-3.479814523052050523e-01
1.264419131491860068e-02
2.400431649438555196e-03
-1.673241899918581979e-02
-6.917287941996879130e-01
-1.942038632763886177e-02
-1.908577946514098539e-02
-1.020227262674694782e-02
-3.036539366076676776e-03
-3.067868935304939385e-02
-2.047243609270005607e-02
1.321742525387368042e-02
8.186634104954160218e-01
8.100455600784689514e-01
6.273258384389759357e-01
4.630051620856682204e-01
1.003912488377725967e-02
1.265932219393393204e-02
3.499853417368061215e-01
1.391558574500002532e-01
-2.456900425767545304e-01
5.350980027076698287e-01
1.469848876495982726e-02
5.187166663360691654e-01
8.992820781268649061e-03
3.301101873090047656e-01
1.722815777676628066e-02
2.276178383761786467e-02
-8.901877032497415229e-03
-3.100027605321175050e-01
-6.061404375520739185e-01
-5.388133932698173645e-01
-2.344766191612284237e-02
-8.224228121846621775e-01
-5.451051445407824048e-01
-6.991917049438858278e-01
-8.397986814365642275e-03
7.055091010343606710e-04
7.186457028239340294e-01
6.951531174638294619e-01
-7.090211557174229406e-02
-3.887429004678185640e-01
1.202739587068372279e-01
-9.862495095629274233e-02
-7.617159753566589142e-01
-5.661866392698770012e-01
6.268657318544993418e-01
3.988446613872468904e-01
2.639749672259191215e-01
4.619408330935842293e-03
1.319039899384611206e-02
3.895753540626395450e-02
7.323555759053951460e-03
3.473408781975493298e-01
1.774799442877444122e-01
3.569412418678070964e-02
-1.612394453687797102e-01
8.237288335243973803e-03
-5.983564373027587813e-01
-3.761661775203888891e-01
3.459291751585757274e-02
2.493535560492230602e-02
1.854750690170763397e-02
3.916737728049605322e-02
2.269571693227911448e-03
4.814381374969976465e-03
-8.619220065283153152e-04
-6.849051006663648966e-01
-6.478367731185639133e-01
2.031261139029360771e-02
-7.758780343382892797e-01
-5.036450235205605086e-01
-4.529025181074443074e-01
7.324046451850421691e-02
1.401373576674204702e-01
4.083795117670407371e-01
5.957156212853174093e-01
5.362232749689146982e-02
2.601772512613608965e-02
9.742321646924730072e-02
3.153044099309836035e-02
1.512350928050163745e-01
6.051638305733828549e-01
4.336824198693093463e-02
1.035648980435351918e-01
2.871028234968162063e-02
1.371264327969018773e-02
3.478110865054595546e-02
1.264620779246859172e-01
5.869029206983755742e-02
6.581546010958386206e-02
4.896522134632410456e-02
2.483602655533670087e-02
9.999151726613454694e-03
4.117669369473186958e-02
5.927331809970040610e-02
2.955498109959983979e-02
5.500597439859205434e-02
3.947073923669096318e-02
5.383661574889961679e-03
7.768494801562135163e-03
-1.477988956953294776e-02
-5.451998527648498766e-02
-1.122892940948261482e-02
-8.587234346092063875e-03
-1.253988472081943306e-02
-5.883166902838132123e-02
-1.551576108836586268e-02
-1.601474819727740501e-02
9.434977936793540951e-03
1.103898442546129635e-02
9.421957028614445784e-03
1.648401854443892756e-02
-3.670738968825820563e-03
-4.761974530892588708e-01
-6.789003898891524669e-01
-1.329105353688381404e-02
-8.048410925043928410e-01
-6.907379328328495660e-01
-6.125530549153890454e-03
-3.013535806756712128e-03
8.337299240698176073e-01
8.142088956830713098e-01
7.311045295414655421e-01
1.723902702487472086e-02
-2.199047818536953303e-01
-1.086443805832682831e-02
6.361583399320185350e-01
7.557799965803719822e-01
2.745696552558720138e-01
3.015047235298058403e-01
3.444234474677752011e-01
1.532335928135512559e-01
2.452859855562454505e-02
4.082013455083343678e-01
3.433352579022390660e-01
2.079903800646026590e-01
5.150059288120158868e-02
-1.884503212494100799e-01
5.484217037918311284e-03
-4.412622994719392344e-01
3.243981869412098651e-01
8.575860474068482120e-02
-8.083258604175988168e-03
4.512124427342579895e-03
2.940690762340019901e-02
-4.809220528914522896e-01
-4.220657124540317384e-01
4.201047080173954396e-02
6.409449332115522979e-02
8.642608202413883112e-02
1.276311665632463843e-01
1.089521822016406710e-01
1.612165841220494777e-02
1.067390280254459090e-01
8.159827109655581889e-02
1.914833951388390243e-01
2.122144462403021681e-01
1.615477089173597003e-01
2.093459365526310068e-01
2.651251330782438131e-01
1.538196165732892695e-01
3.574391582988712540e-02
1.747556292323100557e-01
8.659649247792020055e-02
1.201640111641140152e-01
9.734208967922566846e-02
5.729024468969749068e-02
1.221921818698291223e-01
-2.039750114019590888e-02
9.282874239070357247e-02
6.320139834587833183e-02
7.631637093811498296e-02
4.290649973345244533e-02
5.591193827966593755e-02
5.017135662832002130e-02
2.359712159623791189e-02
-3.364698495715977983e-02
-3.255631165633626756e-02
-5.725761172578053976e-02
-3.496758232375860725e-02
-3.121377002324911623e-02
-4.654748373740284773e-02
-1.863574999824613859e-02
-1.054163248207658221e-01
-6.163371585070010622e-02
-4.991816939618125282e-02
-7.475263346151184152e-02
-3.258157695321053926e-02
-1.608428824853075367e-02
-7.414337344761229992e-03
-2.013313654527210811e-02
-3.032321792787883667e-03
-8.923931899050840250e-03
-4.020604044765684754e-02
-3.085309659635763341e-02
-4.099264910813327223e-02
-6.780776383845896205e-02
-4.949469506404854252e-02
-6.591403287481342743e-02
-4.632630824827715238e-02
-1.229565017285254996e-01
-8.888238035660120384e-02
-3.347510045185809330e-02
-6.967522014848363809e-02
-3.614823934942085204e-02
-5.202893666512344029e-02
-4.340008002938978982e-02
1.525485398528327319e-01
-7.316864273067277824e-02
3.296055289234419705e-01
3.365433048564769880e-01
3.629014795583810349e-01
2.429314524187372870e-01
1.952753312572553523e-01
1.269833022260906941e-01
3.770289569205723668e-01
3.934875588049978057e-01
2.664128536720232754e-01
4.619533190668047573e-01
4.097301838542988239e-01
1.852996586591396377e-01
1.989441578580045389e-01
3.636137350690878123e-02
5.901117881687176908e-02
-3.320649610442828747e-02
6.553101417581230770e-02
1.439200602023726905e-01
-1.646321320117129783e-01
-1.333585808985961463e-01
-7.949709560372673900e-02
-2.616654915263795234e-01
-9.019881726113850029e-03
-9.664047578841272745e-02
-1.100115842935099203e-01
-1.732111023746520095e-02
-2.007093921580335449e-01
-2.484101025613978664e-01
-3.727533128153614483e-01
-2.565769707433250280e-01
-3.074744053269742872e-01
-2.644546182904515264e-01
-3.476060412735492156e-01
4.765475481981423789e-01
5.763094373360605482e-02
1.253579618521530326e-02
-2.781828254600441069e-03
2.152206072825672140e-02
6.564232753852206493e-04
-1.847482888036390200e-02
-5.061618937763125159e-02
3.774258094938531122e-02
2.549712107661297744e-02
1.497503791671126426e-02
1.078888893126191996e-02
1.920088608269157962e-02
3.626058742514888522e-02
6.842406131267499136e-02
5.409133208532038856e-02
4.933729169494927708e-02
5.730046010009300084e-02
1.371838600066606073e-01
1.117433903786263782e-01
8.327940878818369808e-02
7.703192140958330103e-02
1.049646942128599630e-01
8.258706848048708027e-02
2.044295721624419526e-01
1.517863890942395821e-01
1.242411988808638651e-01
2.994000232602330933e-02
3.943065664908056156e-02
4.119398281148679147e-02
-3.882228522231301882e-01
-5.610720219005052023e-01
-5.889401133278241440e-01
-5.195767792809891095e-01
1.316294081316009557e-01
9.300416808736357288e-02
5.205253268536583211e-02
9.868339231107114626e-03
-2.559452069516375550e-03
6.422241873100942300e-02
9.164842365456464524e-02
7.245465761857858289e-02
8.416742567068952185e-02
1.001982749429847358e-01
1.910408023144223866e-01
7.300652347275625453e-02
4.860449514642886659e-02
1.607931978704837256e-02
1.886447194766420130e-02
3.762320835131386515e-02
2.850552388721037250e-02
-4.773575942284611490e-02
-8.064611372078814289e-02
-8.147404393075424744e-02
-8.784734370108125689e-02
-4.347172504628814965e-02
-2.199872745623775508e-02
-1.319626371674149749e-02
-6.794075463905968615e-02
-1.225401519782374077e-01
2.201540134622300970e-01
7.320864771830012940e-02
-1.257290178469666619e-01
-5.393292637521538216e-03
-2.130720855564218752e-01
2.184120106775200298e-01
3.926521438035650013e-01
8.216860730125895296e-02
2.053340943722936351e-01
2.590795502962297547e-01
4.340090241966519657e-02
8.059248782985627135e-02
2.542456264832272939e-01
3.972485913957856107e-01
4.606729233539948454e-01
3.485312090430492393e-01
2.407921041294125986e-01
2.206413933966960561e-01
3.052181771618389106e-01
1.250293459897909298e-01
3.189939701977577147e-01
3.894126029358903618e-01
4.610902471362084420e-01
3.968548346171846819e-01
4.987743822665783866e-01
2.977212095129026515e-01
5.867248418895688600e-01
5.568043020577295721e-01
6.640931497614582790e-01
5.710971053183809820e-01
3.002681167222712166e-01
3.646332119996428811e-01
5.453439221462479392e-01
6.648645509080959304e-01
3.944742642019934964e-01
4.079577583607059688e-01
-4.442341390607287138e-02
-7.067718973725278797e-02
-5.067899060537640193e-02
-1.267560708648386193e-02
4.864568193169450938e-02
3.074585844426273862e-02
-3.610370086767884790e-02
1.412009987477735873e-02
5.799694947392099870e-02
9.127316397733342690e-02
7.890279389369839191e-02
-2.325637679598037758e-02
1.404334435469606346e-01
5.271517208371239577e-02
1.801570156372939713e-01
2.322477701449013610e-01
3.280583876408563887e-02
2.367156682657265213e-02
1.781864384237504262e-01
2.016130992337907823e-01
5.986904576199666983e-02
8.390387027076783022e-02
7.307198208336729284e-02
1.293843388967758357e-01
1.030102861606545517e-01
-4.851802740973811673e-02
1.130371551166028665e-01
1.545611788435515832e-01
-4.357999537767623943e-01
-2.361225936094098476e-01
-5.006731982380908247e-02
3.121540483378727748e-02
9.055500676525813850e-03
3.543302049680793677e-03
1.763497537102419743e-01
1.177956074849783180e-01
2.776408021969224982e-01
2.353971183107819998e-01
-7.025686616850733424e-02
-7.752406461995660358e-02
-9.830234081460786921e-02
-8.240364229902349957e-02
-1.458306506318780837e-01
-1.271842944116931273e-01
-1.027287472217353059e-01
-1.058463488642196054e-01
-1.899271397997693289e-01
-1.202742401099927139e-01
-1.356671877595464204e-01
-1.602675340720019215e-01
-2.146812319883200093e-01
-1.800383792673037331e-01
-2.880268488413815359e-02
-1.411830608006846982e-02
-1.379158438801744019e-02
-1.091931215473875526e-02
-3.359244456602000078e-02
-9.390196843654888270e-02
-6.999924271253230024e-02
-7.797480187680931596e-02
-5.379966582917579399e-02
-1.232918643439866041e-01
-1.133470791082973467e-01
-9.471878745898541785e-02
-9.330167088606236558e-02
-4.258567141508728948e-02
-4.014858112919220123e-02
-2.055056757070877413e-02
-7.187302836038189646e-02
-1.151502917603312720e-01
-9.025500675660759475e-02
-1.591787402908310112e-01
-1.372747048293687655e-01
-1.572898524502997220e-01
7.031256956820922457e-03
-2.759094354164673968e-01
-3.032511707656027622e-01
-2.476986985231810767e-01
-2.989464484244522269e-01
-3.460623215406938291e-01
-1.829280943908963841e-01
-1.062030215894981255e-01
3.884529544130527756e-01
5.323016194399979861e-01
4.644299414571494977e-01
5.810050265117878698e-01
1.186608684803024671e-01
2.718975025719914604e-02
9.473214304544538833e-02
6.711867159949237716e-02
3.593749958598675513e-03
-4.531754495432470387e-02
8.079392082923184115e-02
6.343882229980010723e-02
2.516958552605102484e-01
1.929087402245138194e-01
2.358056304175710494e-01
2.680371842628160306e-01
1.757364859797192203e-01
2.358157032802523090e-01
2.858443470464675507e-01
1.865275752002606147e-01
1.961000551405319425e-01
1.605972333070448954e-01
2.091600328396296116e-01
1.980731168954923682e-01
-7.265397709204367283e-02
-1.380759179988353680e-01
-1.007490465611303593e-01
-1.248809625541885127e-01
-1.378379663626040641e-01
-8.815311713849169339e-02
-1.883740873971291585e-01
-1.452323346301112039e-01
-1.776553840565755771e-01
-1.148772228779507548e-01
-2.475145486384173199e-01
-1.857439123829196514e-01
-2.176116521138987958e-01
2.554626363887165241e-01
1.862657132587556552e-01
8.566420533320337483e-02
1.102603405731553271e-01
1.401558538895550099e-01
1.164100703503362783e-01
9.575098737245599234e-02
1.281368982609518981e-01
1.627898443414630414e-01
-2.225886335697831175e-02
4.808280219011080818e-03
6.978304920035961756e-03
-5.579648633614732456e-02
-4.854534972061646386e-02
1.552273436124814929e-02
1.303467368682817429e-01
1.317724098625074058e-01
1.636068976051514579e-01
1.714747736948911416e-01
2.455394498046636065e-01
3.493906865790344929e-01
3.026284924497586459e-01
-2.383863074846962957e-02
-1.600638319789995379e-01
-1.665413949577948527e-01
6.737561640854096423e-02
-4.008628994199771589e-01
-4.054639159365058809e-01
-2.714394945124522507e-01
-3.113354909941367654e-01
-2.094112918642394849e-01
-1.505443465154323313e-01
-3.171519508022510592e-01
-2.388231778071707168e-01
-1.979681541113161303e-01
-3.441504261983724944e-01
-2.598037300996581811e-01
-2.091770459255750392e-01
-1.944923701392162196e-01
-1.820085883332032695e-01
-4.054120652483311771e-01
-2.865316510494946844e-01
-2.451365523682191294e-01
-4.294492949412270222e-01
-4.841347555637225408e-01
-3.467652814118879490e-01
-2.760578360964426881e-01
-5.063650821226378662e-01
-4.162999094796435706e-01
-3.475929478876130241e-01
-3.566243063202796382e-01
6.873507601667244726e-02
-8.519553695149380268e-02
2.421256564241022757e-01
1.524913525000468340e-01
1.375844979525338851e-01
1.666220016459722675e-01
-2.863367006962364708e-02
2.285505482079962791e-01
3.152897522682367448e-01
3.799871174464082291e-01
3.029304544374819552e-01
4.524180437482095973e-01
-1.269942292982800813e-01
-1.500622968689303005e-01
-4.087716418707726951e-01
-4.898314132083506633e-01
-1.137810700664984159e-01
-8.232343905681231699e-02
-9.548395601056701432e-02
-2.067204803675669611e-01
-2.236708149923373745e-01
-1.238709732289281912e-01
-1.369254887117143105e-01
-4.160792744100752505e-02
3.263225493577859293e-01
6.786132156763527434e-02
4.905042273872356473e-01
9.382921046078364358e-02
5.178605946506464885e-02
-2.476934543167255975e-01
3.435069532518696400e-01
