0.000000000000000000e+00
0.000000000000000000e+00
0.000000000000000000e+00
0.000000000000000000e+00
0.000000000000000000e+00
0.000000000000000000e+00
0.000000000000000000e+00
0.000000000000000000e+00
0.000000000000000000e+00
0.000000000000000000e+00
0.000000000000000000e+00
0.000000000000000000e+00
0.000000000000000000e+00
0.000000000000000000e+00
0.000000000000000000e+00
0.000000000000000000e+00
0.000000000000000000e+00
0.000000000000000000e+00
0.000000000000000000e+00
0.000000000000000000e+00
2.000255522346184311e-01
3.919663440579709834e-01
5.680643900641716426e-01
7.212027397818133734e-01
8.451902339625592120e-01
9.350162899310804354e-01
9.870502608371053421e-01
9.991890044404438953e-01
9.709418892561161307e-01
9.034506252107961100e-01
7.994425165402504474e-01
6.631224587855694130e-01
4.999998943375310034e-01
3.166680150983717246e-01
1.205368459515985397e-01
-8.046625835226543788e-02
-2.782170260786204219e-01
-4.647235259641218086e-01
-6.324455733080063258e-01
-7.746050318914132760e-01
-8.854560100019983615e-01
-9.605180620698504645e-01
-9.967572821756159884e-01
-9.927089303959547584e-01
-9.485363189285581642e-01
-8.660252817759073185e-01
-7.485106821531738452e-01
-6.007423001367615534e-01
-4.286927324855175359e-01
-2.393159884136778770e-01
-4.026641800892831469e-02
1.604116532241445237e-01
3.546051047057257599e-01
5.344659007833867381e-01
6.927243130278224470e-01
8.229837519444924698e-01
9.199793084096266060e-01
9.797905541268531193e-01
9.999999999999330536e-01
8.469783003752401340e-01
7.171651313836988617e-01
6.070037035009809845e-01
5.134753760177250825e-01
4.340172880283873491e-01
3.664521309803954741e-01
3.089284861192955756e-01
2.598700919580501645e-01
2.179326515989402080e-01
1.819669963433790671e-01
1.509875961997902416e-01
1.241455544152685886e-01
1.007053460278518608e-01
8.002466302979067969e-02
6.153681385948133603e-02
4.473519493337691638e-02
2.915940870717982636e-02
1.438264787377372192e-02
0.000000000000000000e+00
0.000000000000000000e+00
0.000000000000000000e+00
0.000000000000000000e+00
0.000000000000000000e+00
0.000000000000000000e+00
0.000000000000000000e+00
0.000000000000000000e+00
0.000000000000000000e+00
0.000000000000000000e+00
0.000000000000000000e+00
0.000000000000000000e+00
0.000000000000000000e+00
0.000000000000000000e+00
0.000000000000000000e+00
0.000000000000000000e+00
0.000000000000000000e+00
0.000000000000000000e+00
0.000000000000000000e+00
0.000000000000000000e+00
0.000000000000000000e+00
0.000000000000000000e+00
0.000000000000000000e+00
0.000000000000000000e+00
0.000000000000000000e+00
0.000000000000000000e+00
0.000000000000000000e+00
0.000000000000000000e+00
0.000000000000000000e+00
0.000000000000000000e+00
0.000000000000000000e+00
0.000000000000000000e+00
0.000000000000000000e+00
0.000000000000000000e+00
0.000000000000000000e+00
0.000000000000000000e+00
0.000000000000000000e+00
0.000000000000000000e+00
0.000000000000000000e+00
5.304653672894788820e-03
4.912454648756871267e-02
1.469397552076641689e-01
1.822772621938404669e-01
2.093562086338203454e-02
9.925152512674977057e-02
3.587314169138609565e-01
7.627101491261825128e-01
1.773073616957367496e-02
5.519065542092070620e-02
2.239257457811104704e-02
1.576359754258737367e-01
6.944263031471875625e-02
4.930403285599586904e-02
8.643866089168862621e-02
1.326520756336612150e-01
3.232879800322692732e-01
4.564732681176139062e-01
1.854382302915411618e-01
3.648848202936130075e-02
-1.903425798985080783e-02
-5.052788241530407204e-02
4.486890116615484952e-02
5.270632016175563761e-01
1.128402176935280540e-02
4.671613929774118823e-01
2.260097607374603190e-02
2.665572031413758827e-02
1.558496219866127575e-02
2.399311509938507891e-01
3.482121422011450612e-02
-1.436973859506119992e-02
-4.883968157866611093e-01
6.551948856190665822e-04
-2.595853235398244696e-02
-3.977904737731042251e-01
-3.430262713997555418e-02
2.545641219560574112e-02
6.634522725261049469e-01
5.873962297046724235e-01
-1.663340815172556497e-02
1.190464660224167673e-03
1.128528861813480645e-02
2.974112647975848955e-01
4.375724278714213100e-01
-1.086385695144703178e-01
1.640814235307512248e-01
-5.286175814454278088e-01
-5.828610627201018524e-01
-6.978495282086505380e-01
-2.954203583372652653e-02
-6.089477531902121044e-01
-7.905479859868853876e-02
-3.890305162523957638e-01
6.394063438145337619e-01
-1.407585386710372838e-02
-2.810932222363207167e-01
-7.352568518577871082e-01
4.531331269462407496e-02
1.266410884507933599e-01
2.276664533823554992e-01
3.122660050087436856e-01
2.501933879182217588e-02
-4.855539393090462646e-02
6.684920944515795882e-02
3.793740721604322852e-01
4.538045862376236667e-02
5.729231852138999548e-02
2.042807580956169378e-01
1.252804713389414071e-01
1.004884743860962049e-01
5.657070308012052823e-02
3.222144217692621271e-02
5.757678443541482810e-02
2.639625190469980232e-01
3.040005587771127393e-01
8.044979501408845712e-02
1.275566573494731626e-01
1.537474486633607501e-02
5.592543538827257077e-01
2.092504813327398724e-02
2.077044888123712879e-02
-6.361801611522278389e-03
8.375010429473422544e-03
-2.542276513989751366e-02
-2.152856569409507606e-02
2.758536231723958398e-02
7.165128605446298149e-01
5.920497937618073303e-01
3.454151529166893941e-01
-5.120461866949500840e-02
1.441010853934363289e-01
8.595055057141817723e-02
1.412540060702947020e-01
1.041710577384121345e-01
8.250296736068328529e-02
2.876853485915699116e-01
4.028344240588122571e-01
1.425678928330739725e-01
-1.887453955238850914e-02
8.814747861220950664e-02
8.235817580243046110e-02
3.141017778697918067e-02
-8.998985534869551051e-02
-5.526899152795048537e-02
9.446888556241289647e-02
-3.638958727176699361e-03
-2.975438918414948300e-02
2.736076400307248333e-03
-4.746582009971604676e-02
1.244910639687804993e-01
6.702313635847782780e-02
1.218546433092468351e-01
3.611165093114887537e-01
2.317895138975691049e-01
1.736852458309072200e-01
4.648907849872637721e-01
-1.936164298232390668e-01
-5.438308233199599939e-02
-3.362372296150589052e-02
-3.960027890981097226e-02
-3.429848504495080358e-03
2.216922375101068321e-01
2.415837635456685173e-01
4.284422245729981732e-02
-9.915668003870742320e-02
-1.169161807128280411e-01
-2.337634643085026442e-01
-3.048124958041695601e-02
-1.213394955610368198e-01
-1.419311865214616976e-02
3.639871079030230355e-02
1.496768004639841831e-01
2.307609613465969045e-01
7.196291631906474862e-02
-1.491761996626572440e-01
-2.920369795865386808e-01
-9.593812617146374455e-02
-1.878508417013136367e-01
-6.810300646625641607e-02
3.936220382436955711e-02
9.042909768087437072e-02
-1.099248702723995205e-02
3.036347688349840812e-01
2.017130546357425169e-01
-8.484879528867579623e-02
1.422414016194905595e-01
4.687909181169859774e-01
-3.638034203657994903e-01
-5.172496166929851924e-01
-1.522606300995383022e-01
-1.451499016282536969e-01
-3.149090668222864209e-01
-2.481477584567307881e-01
-8.911563000998422301e-02
-8.250345098592570814e-02
-1.251405432854403865e-01
-9.023193844571911204e-02
-1.426372361287575330e-01
-1.842356227410089919e-01
-2.762665546855126997e-01
-3.960830277438591729e-01
-2.344802889522663858e-01
-4.530946873221086135e-01
-2.830335062363991128e-01
-7.201272592525509442e-02
-1.215158739135898530e-01
-2.114772272160034272e-01
-3.143422103307562665e-01
