0.000000000000000000e+00
4.790599982314112090e-19
0.000000000000000000e+00
0.000000000000000000e+00
0.000000000000000000e+00
0.000000000000000000e+00
0.000000000000000000e+00
0.000000000000000000e+00
0.000000000000000000e+00
0.000000000000000000e+00
-3.275803744256653430e-19
0.000000000000000000e+00
0.000000000000000000e+00
0.000000000000000000e+00
0.000000000000000000e+00
0.000000000000000000e+00
0.000000000000000000e+00
0.000000000000000000e+00
0.000000000000000000e+00
0.000000000000000000e+00
0.000000000000000000e+00
0.000000000000000000e+00
0.000000000000000000e+00
0.000000000000000000e+00
0.000000000000000000e+00
0.000000000000000000e+00
0.000000000000000000e+00
0.000000000000000000e+00
1.598120267671234264e-16
0.000000000000000000e+00
1.327251974486401698e-01
2.631028868859611736e-01
3.888241770048308510e-01
5.076655150636832925e-01
6.175248793091689947e-01
7.164567426176802201e-01
8.027114414549507693e-01
8.747632481968039553e-01
9.313361792683865215e-01
9.714298154707964317e-01
9.943348362891167858e-01
9.996456109464456619e-01
9.872684065966654821e-01
9.574219398917823698e-01
9.106347694204703913e-01
8.477345999940552046e-01
7.698337646696790104e-01
6.783118289410621227e-01
5.747876743668841604e-01
4.610921958315523650e-01
3.392388551718527601e-01
2.113829375158973733e-01
7.978576057862780957e-02
-5.322218812184607850e-02
-1.852884101384801030e-01
-3.140770421655095235e-01
-4.373073339133111137e-01
-5.527998005186701702e-01
-6.585116420150110006e-01
-7.525707808026679269e-01
-8.333137443113698417e-01
-8.993122836943215903e-01
-9.493976142114177730e-01
-9.826840663203230131e-01
-9.985827144495980079e-01
-9.968120054391955698e-01
-9.774034559449524817e-01
-9.407001464483444320e-01
-8.873520650923222286e-01
-8.183029547642342028e-01
-7.347739093489855655e-01
-6.382441657289337211e-01
-5.304211704993097021e-01
-4.132118600215950455e-01
-2.886919234665736855e-01
-1.590637999442096606e-01
-2.662016218887303456e-02
1.062935120937188310e-01
2.373264024365638047e-01
3.641609115010832065e-01
4.845508950528820136e-01
5.963671140968191953e-01
6.976317809944355686e-01
7.865515742800033294e-01
8.615539276433362703e-01
9.213121195435737265e-01
9.647678771243399787e-01
9.911527910276631825e-01
9.999999999999330536e-01
8.969246888215178792e-01
8.043852823675960995e-01
7.212950598780305533e-01
6.466786057227159601e-01
5.796580149925850689e-01
5.194467174458856640e-01
4.653374057266495556e-01
4.166944530378333122e-01
3.729468292447223887e-01
3.335798187376999846e-01
2.981313994122208322e-01
2.661851555993333673e-01
2.373658119908299835e-01
2.113350536336064955e-01
1.877866138897312243e-01
1.664441198531974864e-01
1.470568593878808783e-01
1.293972443531141991e-01
1.132574993606569602e-01
9.844820007656943095e-02
8.479538037244778448e-02
7.213865938622956997e-02
6.032946304805330423e-02
4.922884946427392300e-02
3.870653146239819847e-02
2.863890245648943039e-02
1.890778576169673333e-02
9.398689270163088083e-03
0.000000000000000000e+00
0.000000000000000000e+00
0.000000000000000000e+00
0.000000000000000000e+00
-5.564405581045785645e-19
0.000000000000000000e+00
-1.423005779633255860e-17
2.371740827152806346e-19
0.000000000000000000e+00
0.000000000000000000e+00
0.000000000000000000e+00
0.000000000000000000e+00
0.000000000000000000e+00
0.000000000000000000e+00
0.000000000000000000e+00
0.000000000000000000e+00
0.000000000000000000e+00
0.000000000000000000e+00
0.000000000000000000e+00
0.000000000000000000e+00
0.000000000000000000e+00
0.000000000000000000e+00
0.000000000000000000e+00
0.000000000000000000e+00
0.000000000000000000e+00
0.000000000000000000e+00
0.000000000000000000e+00
0.000000000000000000e+00
0.000000000000000000e+00
0.000000000000000000e+00
0.000000000000000000e+00
0.000000000000000000e+00
0.000000000000000000e+00
0.000000000000000000e+00
0.000000000000000000e+00
0.000000000000000000e+00
0.000000000000000000e+00
0.000000000000000000e+00
0.000000000000000000e+00
0.000000000000000000e+00
0.000000000000000000e+00
0.000000000000000000e+00
0.000000000000000000e+00
0.000000000000000000e+00
0.000000000000000000e+00
0.000000000000000000e+00
0.000000000000000000e+00
0.000000000000000000e+00
0.000000000000000000e+00
4.701091799777100923e-19
0.000000000000000000e+00
0.000000000000000000e+00
0.000000000000000000e+00
0.000000000000000000e+00
0.000000000000000000e+00
0.000000000000000000e+00
0.000000000000000000e+00
2.246701818690326275e-19
0.000000000000000000e+00
2.065859727785625353e-03
1.842394679418147066e-02
6.895921653745994140e-02
1.526383218248934248e-01
1.294495829769744533e-01
1.402559559487770446e-02
6.380593454097885364e-02
2.408483881933890236e-01
5.242376251556477573e-01
7.339583328350223201e-01
7.046364075388864695e-03
1.935061346421409686e-02
9.057895909984495578e-03
9.718276475568697614e-02
4.300090386056752007e-02
3.449345156961904080e-02
9.512808077837339726e-02
7.606266502765764159e-02
3.304195318724267166e-02
5.420737120059261616e-02
7.764566275168242881e-02
2.212710033627339201e-01
2.782019390207343124e-01
1.328030994107859686e-01
4.847961142455407546e-01
6.037131679392847561e-01
7.550433521471530129e-01
5.519533495197984259e-03
2.438324457598824505e-02
9.158628941013338687e-03
4.741429654375836633e-02
3.653322260870561083e-02
3.350750851578850054e-02
1.036813519514196286e-01
1.729935888344701078e-01
3.439041712294704234e-01
1.369188599962746500e-01
1.674721500951639741e-02
1.237389630000104192e-02
1.645939385857236176e-02
1.730517296413258688e-02
4.277507771058751407e-02
2.424122826450828341e-02
1.052469499923825852e-01
1.759144132870242849e-01
3.504934545242009425e-01
1.166854313656055797e-02
2.404972726415529130e-02
3.035694901427875639e-02
4.479747233566236386e-02
1.817918107444767978e-02
1.189621369458502970e-01
9.160549881433717456e-02
1.954491848765759210e-01
1.560226955161662099e-01
3.139350772738673800e-01
5.403445225681530184e-02
6.735696836289187250e-02
4.111933016953250863e-02
3.104792265610690355e-02
1.824628512765012062e-02
1.160215799104598738e-01
8.287711248859704061e-02
1.998411484657537096e-01
1.523989304856266103e-01
2.865185180572690782e-01
4.241849820694158779e-02
4.909906814232899153e-02
9.077935264736127635e-03
8.325026751112797607e-02
9.892759987894798879e-02
1.296537879320404096e-01
2.903976274970082039e-01
7.784676413023381043e-03
1.138762761977766408e-01
2.786145517821395773e-02
1.991500194975541135e-03
-2.634359803100721695e-02
-1.900049548480000142e-02
1.230531455875310794e-03
6.456827509723941927e-03
3.676937797621140491e-03
3.040157869746027298e-03
6.272687330733684244e-03
1.554547753015536951e-02
1.050075253044035171e-02
1.478547832677736332e-02
4.452901591537927195e-01
1.834777087865057110e-01
2.826183768081830250e-01
2.731276660229248199e-01
5.120908633891618766e-01
8.550741121896699992e-01
8.447460943466836847e-01
7.280103199478211717e-01
6.741634223137265014e-01
6.030823602274207884e-01
6.608925896651770548e-01
6.066999754517804488e-01
6.612024979795787516e-01
7.006288925747765628e-01
8.150874401378153111e-01
3.378343472495764967e-03
1.822315140390031937e-02
9.348343133244190264e-03
2.954875839166493448e-02
6.801575320432022842e-01
3.200405324624376602e-02
6.760860713378427644e-02
9.322257686298696111e-02
-5.324236315387960439e-02
1.102866082639119977e-01
7.986113917559183040e-02
1.400268213753230739e-02
2.294616595962423872e-02
-1.110217037812624707e-03
-3.242469198267588504e-01
1.360078557671971777e-02
3.282867906836330063e-03
-1.497659668044784911e-02
-6.608942223937952498e-01
-1.673447220607582331e-02
-1.682868432963089550e-02
-8.594681427911742347e-03
-9.339002784301681220e-04
-2.731440293786734086e-02
-1.807126912454000423e-02
1.076726191635952838e-02
5.906765745011266673e-03
9.668923060891466623e-03
1.121013378445303611e-02
5.247135806907748945e-03
5.836020243074145908e-01
5.474465822520532265e-01
3.945109260319299427e-01
6.203598242163411713e-01
3.921492034140948157e-01
8.159889856315889478e-01
7.130517649720892193e-01
8.680067259959388729e-03
1.828017886241876944e-02
8.252240841773700319e-03
1.946062334944564584e-02
1.403998744940822968e-02
8.286123017970942195e-01
7.182270817947029595e-01
3.636731979612858878e-01
6.104644569781362273e-01
5.195653478006331122e-02
1.214038881755180460e-01
-7.106815347827767637e-02
-2.295500409759126670e-01
8.620235924971300645e-02
1.011420976491719630e-02
6.184912373276012405e-03
9.030847185780831524e-03
1.066247585680565359e-02
2.216863628429000671e-02
6.861058137175251150e-04
-4.887405394321241723e-04
-2.437545391425496779e-03
-4.028565211111701516e-01
-1.750909559420378570e-01
-5.555119539617163760e-01
-4.923538210639654689e-01
9.316225507351654639e-03
1.437974270691359368e-03
3.974286595191019351e-03
-9.532089396167044149e-03
-6.605765904473837394e-03
-1.107444189283299414e-02
-8.134274156949753420e-01
-7.319372711568190581e-01
-4.823584089076057291e-01
-6.443089413873456239e-01
-7.249645607928210250e-03
-7.821426362250645525e-03
-6.889416618602206555e-03
-3.797424446595224108e-03
-4.758647285740338038e-03
-2.636143333921766186e-03
1.671123129197518405e-03
-1.530379574859179991e-02
-8.393411109249690819e-03
4.824897760549749781e-03
9.541936637512311165e-03
4.951190393488469517e-03
0.000000000000000000e+00
6.136194481978910487e-01
6.140620373886310768e-01
4.949501639052365509e-01
6.491377059017082729e-01
6.887119528433141014e-01
5.639891892017615538e-01
2.986359132859486287e-01
6.087749116462087828e-01
3.684042406868717322e-03
7.369133606631449868e-03
5.002412235277045593e-03
2.151836941022473859e-02
9.114821498161403135e-03
5.957851709136019989e-03
9.452095623663839957e-03
1.046763491891255192e-02
9.210395306778684787e-01
8.698310040069964222e-01
8.554748746093919776e-01
4.375767933748265781e-01
1.099057156961355808e-01
7.387384641905503369e-01
5.512848721587473300e-01
1.417814635010577473e-01
-8.323694572534796887e-02
2.998651741919990815e-02
-1.839857856552795101e-01
-3.114211586358680561e-01
9.638540874332875152e-02
5.957140041870231245e-02
1.855970541096069876e-02
2.188048363169614596e-02
9.359647708312471628e-03
1.706794860924494214e-02
7.563830474130205702e-04
-4.542555202704496309e-01
-3.236026688347598546e-01
-5.169802451390221876e-01
-7.774393558993789033e-02
-7.183416975514750336e-01
-5.670572611160414889e-01
4.122573568712175479e-03
4.309291280945150640e-03
7.847710778074107676e-03
-1.805385235945895436e-02
-1.853704325332728234e-02
-9.106111339236194757e-01
-8.700308801157955463e-01
-8.264072996604250321e-01
-5.083661554731345733e-01
-6.059868221543924793e-01
-3.190200891151763734e-03
-6.622979498390201697e-03
-3.959969855660374835e-03
-7.813624833524780364e-03
-1.236344002948663867e-02
-1.600366000663954250e-02
-1.169250381279836846e-03
-3.598094784000503655e-04
-3.268690424558977695e-03
7.379283726373410141e-04
2.930429615564117928e-03
-6.753921968230500519e-03
-1.064212371687479376e-02
-1.113568990069818167e-02
-6.893443375103355461e-03
6.689719968450580367e-03
1.551303597941611385e-02
0.000000000000000000e+00
7.926874607911416071e-01
4.327026382753034750e-01
5.411892718268108693e-01
4.994859602020329525e-01
0.000000000000000000e+00
5.433320409588968669e-01
6.317500911079444448e-01
1.532287448279945515e-02
1.134625102370329965e-02
1.710620372274226225e-02
2.076752807464402745e-02
2.233580445539220735e-02
7.479182705446196788e-01
7.413667138171343707e-01
4.827273345592510978e-01
5.536908062990217871e-01
3.556478142524466257e-01
1.283192788535086615e-01
8.175654493544056711e-01
8.230408855056443596e-01
7.142519021715628691e-01
2.145791777145940049e-01
1.501346612747768428e-02
-1.348418378842655696e-01
0.000000000000000000e+00
-4.771855048365239993e-01
1.096832604371346387e-01
7.250397035477616769e-02
4.169432426426584321e-02
1.646637803131534641e-02
1.490472237964717006e-02
1.080571638878861755e-02
7.551337995597576583e-03
-2.888463305134499892e-01
-4.237643098143708542e-01
0.000000000000000000e+00
2.092412546081379859e-02
-8.241811207690802332e-01
-6.659940280477495422e-01
-8.224005249258132810e-01
0.000000000000000000e+00
8.223042956924565480e-03
2.777341942121274929e-02
-3.308565217860410385e-02
-1.297860102295822667e-02
-7.421973688329375207e-01
-7.077231955348549652e-01
-5.965190830223019436e-01
-5.712870708816170096e-01
0.000000000000000000e+00
-6.199708352040938890e-03
-1.060900383076849272e-02
-1.314223441052165403e-02
-3.174512934523514990e-02
-1.251896389650160660e-02
4.281818128698002511e-05
-1.327813261696331182e-02
3.455658433555306146e-03
-8.027654910421982981e-03
-3.658503424986717101e-02
-1.062672564923447180e-02
4.040896023346230576e-02
6.542773784674132953e-01
8.566872419998065036e-01
4.846131109823076932e-01
3.589845311969990238e-01
6.064333361327876037e-01
5.551021265787025039e-01
4.753620110416418298e-01
5.539391616595834567e-01
1.367970489687167501e-02
1.295533267097184055e-02
9.631330952027040981e-03
1.182865034973829173e-02
7.496353530933963331e-03
2.157377694860400721e-02
1.523661442123241082e-02
1.749253669284833029e-02
4.209068092417827395e-02
7.506465865483242794e-01
7.870560061427283038e-01
5.800177353686947201e-01
4.673983470940222262e-01
3.261577540350122928e-01
1.381874731784957788e-01
2.420030266812705222e-01
7.053703633739859535e-01
6.288564034448729245e-01
6.456462022248964372e-01
2.162094846043200180e-01
2.606498622465835413e-01
-5.050562595773319674e-02
7.495860846296358015e-02
-2.010640844921270654e-01
1.262630920533767132e-01
1.297670576373153029e-01
1.590512337938160270e-01
1.414755354799239750e-01
1.548788770485289568e-01
1.675146928566906002e-01
8.074504466785827062e-02
6.874122099099812255e-02
5.132111565740200138e-02
4.953482612125953422e-02
5.745142282993081356e-02
6.305970227420550078e-02
4.148438826528720591e-02
5.058116359854486488e-02
4.724370239528424137e-02
6.234468260883280211e-02
5.454349998837892954e-02
5.177785609886991630e-02
7.180556845949491451e-02
3.079162268317909776e-02
3.490258375005676761e-02
3.759599001817407610e-02
4.588300532947596488e-02
3.162252363412221268e-02
4.909705452752557986e-02
-3.511829746158206533e-01
-2.493260245803555208e-01
-4.958678857677186191e-01
3.685107535496810055e-02
-5.845439048808076521e-01
-5.330008349324333317e-01
-6.286240894034105242e-01
-4.131524000975682620e-01
-5.887192821636180184e-01
-4.646132609788724555e-01
-6.435435477945768978e-01
-5.593426365515752341e-01
-6.737596500480799167e-01
-4.645823848797407951e-01
-5.840525883253028239e-01
-7.519627485336413120e-01
-8.485142731813504202e-01
-4.684377965744400685e-01
-6.477323059858317578e-01
-7.192036046570946528e-01
-5.246561918222716336e-01
-6.529808119673961020e-01
-4.761883185857393452e-01
-3.416387365659761532e-01
-4.059278881934816896e-01
-5.177377819681029392e-01
-5.924611591038135838e-01
8.227999441348913742e-03
1.151276115599927062e-02
2.039880359394535478e-02
1.739124794060065843e-02
-2.439239281810642174e-02
-3.034928878680360001e-02
-2.488392755609395227e-02
-4.859259788345088316e-02
-2.248134489346957990e-02
-1.553541157010979688e-02
-4.433641455070239795e-02
-7.342577816340610797e-01
-7.279282597482179540e-01
-5.485867677251031749e-01
-5.918009092743722332e-01
-5.019136443719718343e-01
-4.838189847789224340e-01
-3.234285396558460590e-01
-5.515133707751332937e-01
-4.112193518035966999e-01
-5.691876248123937110e-01
-6.602969349127961116e-03
-2.340362477178528286e-02
-2.521536034758408568e-02
-3.094197055065815369e-02
-2.881900996944165155e-02
-2.504409873484754467e-02
-2.074750218610669009e-02
-3.481424524871067766e-02
-8.277290108534477928e-03
-2.297604371573526427e-02
2.860310105824728083e-02
7.621279582298116084e-01
2.353664112482563575e-01
7.126839111854208486e-01
4.698203439964946382e-01
6.054917591185988122e-03
1.689460492119573831e-02
4.935348492574399663e-03
3.307264874823795386e-02
3.203013664239232061e-02
4.745499066214194789e-02
2.967180582474748460e-02
4.016799600694961198e-02
3.849981951152450094e-02
3.710825221896943416e-02
6.649212771600718219e-02
5.675512436322852766e-02
6.510704016410361339e-01
5.511146396351892518e-01
6.448181246736344185e-01
5.870121900001823434e-01
4.911954766247555448e-01
4.084535922688503629e-01
5.448904282656402698e-01
2.136328925952420965e-01
1.995385273191538356e-01
6.769273569660763101e-01
7.706808933655034943e-01
6.289730292874096129e-01
2.639685244902175709e-01
2.136738323867674316e-01
-2.895813578869889660e-01
1.023731116871641200e-01
3.387656418816916565e-02
-2.156422196966973903e-01
-6.039033395134100202e-01
1.059411267561917169e-01
-4.622516938557770516e-02
-1.430393560890102708e-02
-6.163917291443805208e-02
-3.738615228191128903e-01
-5.157530538921092367e-01
-7.906114991671290282e-01
-5.381301589682930819e-01
-3.723997979809742787e-01
-3.387658413278068492e-01
9.929154808398810497e-03
1.313339190239574787e-02
-1.982742679079410944e-02
-2.820482406197507425e-02
-2.307429264090259460e-02
-1.817879595024428016e-02
-1.198493964904692385e-02
-1.174224439903362796e-02
-7.877505010268819330e-01
-5.773360343524438498e-01
-4.814183503416690768e-01
-3.843312896020153469e-01
-3.302829520331093116e-01
-4.243934956101945155e-01
-7.296433443520853462e-03
-1.243325119729829335e-02
-2.777778840887974374e-02
-4.544859201127186138e-02
-3.584817548865662507e-02
-3.938799147432630460e-02
-1.879733719328054511e-02
-1.421844389299769564e-02
-5.181680806259230526e-03
-4.315842068806459084e-03
-1.918154552614544789e-02
-2.568384838041055940e-02
2.223253624102215428e-02
2.950010918561011067e-02
2.816454766544124189e-01
1.709488426877653622e-01
3.293163515797761787e-01
6.327496262927365667e-01
6.021985973185169927e-01
4.395435309510274946e-01
5.172070599875081554e-01
3.834897976089227112e-01
2.518162557034481219e-02
2.921911334957405862e-02
2.832354186779602045e-01
2.911911135968811570e-01
2.148545725240236237e-01
2.690576107652080662e-01
1.985796374671132125e-01
2.785277542846886223e-01
2.602681080848910922e-01
1.873234208879306362e-01
8.053495477746064335e-02
1.175594260652837175e-01
3.368674736356878918e-02
1.469586626189935408e-01
1.040511242047198609e-01
1.698478715445286558e-01
1.764591116201155441e-01
2.516394812483161991e-01
-2.733386008352418073e-01
1.126618579822921823e-01
3.990368981951915306e-02
-1.541530504885226527e-01
-5.502455096189590167e-01
2.327414814983923969e-02
-4.070352357132805410e-01
-2.997569832617058561e-01
-3.561034134320421041e-01
-3.349497203885342111e-01
-2.184584189945220078e-01
-2.658277507328231648e-01
-3.748511577848882559e-01
-5.826097949974510248e-01
-4.914592654194142596e-01
-3.733597610883873652e-01
-3.897198675305727500e-01
-6.749892634939428371e-01
-5.379153501387747838e-01
-4.566001407376680810e-01
-4.858439017775458835e-01
-3.617360908470262926e-01
-4.236010322337335765e-01
-6.413468946265591386e-01
-5.282061071410276698e-01
-3.736742578583976959e-01
-4.353834141462183394e-01
-4.124331465877076885e-01
-3.542455037738383439e-01
-1.728780235038174240e-02
-1.976465059422384714e-03
-7.161485433242843930e-03
-3.270567853470213171e-02
2.437193555822253152e-02
4.181276349321351449e-02
3.931951358207649849e-01
3.171240083402822596e-01
3.699242581120672502e-01
4.725365017475289253e-01
6.513611742569039298e-02
-3.818465801590352482e-02
8.964882745413975396e-02
-3.379093301368644997e-02
2.730831837327210576e-02
-1.343302088598231636e-01
-4.170913656523971280e-01
-3.624809629359412311e-01
-4.479308788180740852e-01
-2.432888107555885027e-01
-3.286594077657294943e-01
-3.932171947430836423e-01
-4.499626995076874691e-03
3.358512460571659933e-03
-9.452884832064746903e-03
-1.891387282169159799e-03
-1.968317052701915384e-02
-2.111081554150962859e-03
-1.497536831657698790e-02
-3.610389593627256165e-03
-1.221432071129557873e-02
-2.211509229612468666e-02
3.415514245011134348e-02
2.837784599356785731e-01
4.855860335655968751e-01
3.920426416402520431e-01
1.108239033404023223e-02
8.643692815044867750e-02
1.544914747551524581e-01
8.031884574287334252e-03
-2.270678935676213872e-01
-3.990514285723043009e-01
-4.790668457976206551e-01
-2.568865975140482427e-01
3.216731694015162457e-01
-5.607277816501633760e-02
4.224821508448508428e-02
-9.563286458996100511e-04
-2.195720752042886192e-01
-1.672942168761056836e-01
-2.593917566193012503e-01
-3.142727401660611042e-01
-3.141386053670472966e-01
-2.604294069955129243e-01
-1.755031452007211612e-01
-3.658565411518969190e-01
-3.143037102727657683e-01
-1.742232141477046414e-01
1.203900706154261736e-02
-2.269954811544379336e-02
5.466728216856999584e-02
1.250834310930558912e-01
7.346310981129604289e-02
5.114217565452054692e-02
1.099226938680120461e-02
-8.300563498568677701e-02
-3.992503382560786407e-01
-3.497015309742101397e-01
-3.523715595743298623e-01
-1.095432844687716095e-01
-5.084404423593041900e-02
-1.108364474207996220e-01
-1.312889932975866703e-01
-4.151772492292803429e-01
-3.556775474726415198e-01
-2.660369430339881158e-01
-3.001525485904815160e-01
-1.394436812713099605e-01
-1.065121888064963079e-01
-3.180324502967377676e-01
-1.089172594645065884e-01
-1.604615497537831281e-01
-2.441405566841487462e-01
-7.913339990660170353e-02
-1.280202021688010561e-01
-1.763298660172142041e-01
6.979616838208822782e-04
8.524498408007429029e-02
7.596259924840180304e-03
8.857369874022202882e-02
4.361000902255356138e-02
9.590866671515638209e-02
1.488639670999241105e-01
6.537497448934215249e-02
2.475315201936396647e-01
5.391388553414075968e-01
3.183775707806146132e-02
3.995525081404513457e-01
2.636702106390954176e-02
2.205768735778341760e-01
3.064862546347503838e-02
2.238520236348808066e-03
5.306873757074958425e-03
2.810872323298943022e-03
8.617978272575672199e-03
1.695428706302422490e-03
5.868008389996748515e-03
1.473419561748893214e-01
1.844140009408616887e-01
5.239778591065537977e-02
3.233753251732381789e-02
4.114938720395999033e-02
4.049183677128782854e-02
3.459825962981648989e-02
2.483220343484756135e-02
4.179677194082890429e-02
3.128897565195011554e-02
2.892738949373279203e-02
3.795656328313883748e-02
1.865506748772561771e-02
3.346841845835300810e-02
2.536737148106851802e-02
2.500555264233060224e-02
2.309418934140054433e-02
1.975721598910347432e-02
1.566935373764107020e-02
2.165424486085666678e-02
2.429431083041843492e-02
2.717027905387649211e-02
3.349525351440042070e-02
4.182362444504691273e-02
1.310207819046373644e-02
1.308401761303713134e-02
1.421642037248816576e-02
9.626077551905237034e-03
1.484432378835178271e-02
1.804875397648523713e-02
5.656211591863101462e-03
2.669841796306215986e-02
1.179566412061673446e-02
3.228581344881414211e-02
2.266148419249020690e-02
1.537141174290253785e-03
1.145161059335244973e-02
3.080328132768597738e-02
6.820062927514848128e-04
1.693009629429642268e-02
-1.659772056691278391e-02
-8.463200277626932444e-03
1.046346266256007775e-02
3.007119865195330075e-02
-6.633866322709862720e-03
-1.350248334634298296e-02
1.981690739668441961e-02
5.349017573886291621e-02
2.757129086201414933e-02
4.180631762481418212e-02
4.145688210061267837e-02
6.145078692769571915e-02
5.014904475146233359e-02
5.342599807503391890e-02
4.120337137760999441e-02
5.316519186308765743e-02
7.088159303008016721e-02
5.989692317007037914e-02
6.724635775009904504e-02
8.560101258049666872e-02
9.858980423919454228e-02
8.567033436304685723e-02
7.414855968733415070e-02
9.715168744829096037e-02
3.810075860176560109e-02
2.642811067296209696e-02
2.354080826030823664e-02
3.575959293202494310e-02
3.019234103036514891e-02
4.105400400135171546e-02
4.070071944158458466e-02
-5.808119669240374705e-01
5.792091043724980313e-03
4.596378197882225285e-03
8.271609286898181507e-03
7.308097504870722863e-03
1.518269504118844281e-02
2.098884832429044958e-02
1.649581034312450761e-02
-3.749017195350583254e-02
-2.965200426069058634e-02
-2.438060658935500141e-02
-3.925101992944982771e-02
-3.605023707981554887e-02
-5.145393527373014891e-02
-4.691824402682161221e-02
-3.653291603401075550e-03
-8.466222569234467098e-04
-3.549575784226665504e-03
-2.529499511876145620e-02
-1.552374936763669354e-02
-1.490952915088899003e-02
-2.126947070433641770e-02
-1.615034842298810475e-02
-9.132342206101314724e-03
-1.947294026895245167e-02
1.641748411943373398e-01
5.792103532881014150e-02
5.153683930383827494e-02
4.885077536719890229e-02
4.404309027136358440e-02
5.808165213568194235e-02
5.931087855375190981e-02
7.263722615382810222e-02
5.472503615609398964e-02
4.547660761044731298e-02
6.436698088218206770e-02
9.165132265933398359e-02
6.882648942320940266e-02
7.975529582277282592e-02
6.389257046671968643e-02
4.588012470029205203e-01
3.143129087355599482e-01
4.058482922106244617e-01
4.677839535214411426e-01
1.278401344780667193e-01
2.761822101847429337e-02
-4.678038563257506111e-01
-4.167956044361060819e-01
1.521274201545938336e-02
-5.070002240031672852e-02
-5.765123747599416593e-01
-6.077085470877395812e-01
-5.057692195777307997e-01
-4.491329746407849433e-01
-4.506465717407963645e-01
-1.240582437623197025e-02
-5.701852391139514836e-02
-3.177973366831623320e-02
2.007132622045567916e-01
1.548001487129215537e-01
5.212967601832625419e-01
6.086605573676411307e-01
6.690556388989654657e-01
6.018649622496983209e-01
5.064450512409924832e-01
5.452392896247693077e-01
4.698432663418496968e-01
2.113677353354402599e-01
-2.764855430750260412e-01
-3.154188294857223074e-01
5.057838506543668039e-02
5.261116354687183083e-01
4.583685955655604771e-01
-1.279802974598747978e-01
-3.594141806516589210e-01
-2.618354395871363982e-01
-8.126850545138225926e-03
-1.263779560083459416e-02
2.619355345157151627e-01
2.040722444273449510e-01
2.021534931818202430e-01
4.180367336519110188e-01
3.022315065398916145e-01
-1.871366175726767167e-01
-2.052635987459403288e-01
-3.590162546893854723e-01
3.179033317345472676e-02
1.549604422326900099e-01
1.557425132679066959e-01
-4.582376570945648209e-02
-2.565174384739030145e-01
-1.720546002291376275e-01
-2.132705388651009448e-01
-2.697233048392606025e-01
-2.417589200773136160e-01
6.664287600270665801e-02
1.302533675284724135e-01
8.392177038158159241e-02
9.217667502223265974e-02
4.590773415650797884e-02
6.733660987810884124e-02
4.568664237087944335e-01
4.524455653329246818e-01
4.029408096236511416e-01
4.398680690734780852e-01
3.776865653983008664e-01
4.439161645633331599e-01
4.245039358002739571e-01
3.832721045893159872e-01
2.277050552978136452e-02
1.917367410063664998e-02
2.403091010345162482e-02
3.430136933852732939e-02
2.627908854682743309e-02
2.541774501243270271e-02
4.019604544873535412e-02
2.860244905924379244e-02
3.439914144957906955e-02
3.991289706763281181e-02
5.160961721436548022e-02
1.819746710661310565e-02
5.386021381694725690e-03
1.657636573980248162e-01
1.796093571683940460e-01
2.155417786157214355e-01
2.478007570227152567e-01
2.636093467813374058e-01
2.685414545699145172e-01
1.983254067864025638e-01
2.005067366632245773e-01
2.303270640764812638e-01
1.695488249943722103e-01
2.418225428535696608e-01
1.895607886164488165e-01
2.230047913509059787e-01
1.734949843553790505e-01
1.478148153595480463e-01
1.373100211343910859e-01
1.299425267734824474e-01
2.481890398763388073e-01
1.911543546262016169e-01
1.558044853216109527e-01
9.241801231652789494e-02
1.049155474396640808e-01
2.189526355046290396e-01
2.087545261734538304e-01
1.060807040487204977e-01
1.572389045459968160e-01
2.144011452714892074e-01
1.612095187831547316e-01
1.775777075479159084e-01
1.151016744656103430e-01
1.057138975572823464e-01
1.013900022616159996e-01
8.039438148484510938e-02
1.048177315914234631e-01
7.693094455009472088e-02
6.661950052579504455e-02
1.203120647467630366e-01
1.462667436791745545e-01
1.329206180009096239e-01
9.082475520438848537e-02
2.193661414788778893e-02
4.582505390604866419e-02
1.635299479414656643e-01
1.777880666627750794e-01
4.857331897172707802e-02
4.391360286802553636e-02
2.482843764717363247e-02
5.240897899054691722e-02
9.029326636619615376e-03
6.602553691996775574e-03
-2.343830285030631608e-02
-1.582787345482289734e-02
2.418458034978859285e-03
6.026111747085360210e-02
8.577129713290339297e-02
9.352412598662675214e-02
3.167540617648684220e-02
2.089137590135493189e-02
1.793851959335559035e-02
1.590760505906773856e-02
3.116150889758783835e-02
2.500049959279892695e-02
2.388371155288055922e-02
2.797760150995195344e-02
4.350948223117099417e-02
3.581656299865936671e-02
3.522615613909384907e-02
4.387154861496503355e-02
2.022040463775390956e-02
7.981190570253647587e-02
6.113486664224336564e-02
5.056784427526096054e-02
5.201214864576478303e-02
6.316207162019686627e-02
7.147510456719143035e-02
1.023191317273325490e-01
7.579733675656293024e-02
8.882103131397837970e-02
7.092985141239266378e-02
5.976566734588475982e-02
5.210705642171805513e-02
5.843812612669680578e-02
5.858912352043176702e-02
4.429418067637931611e-02
7.417144166909971081e-02
4.938168924871267490e-02
2.801178222548767263e-02
7.053293612143618496e-02
1.337977566862119660e-01
8.270998341335898674e-02
4.224592208929060788e-02
1.018722239239690797e-01
7.480088016468448842e-02
4.783434687263569962e-02
3.499474169979525234e-02
5.772299219390219366e-02
8.719930672754716561e-02
8.590757180467756271e-02
9.832507774036745862e-02
7.001235575781594722e-02
1.075888993953795850e-02
2.627415753609132348e-02
4.733087816876963005e-02
9.910724880030379047e-02
1.211975889688621938e-01
1.038292788322722066e-01
1.320170184149162540e-01
1.159719489082886856e-01
1.181493473924953991e-01
2.219223931102130495e-02
8.806593181906907652e-02
-4.665802544820831649e-02
-5.209076507508998699e-02
-4.439873450540281902e-02
-6.549628312716876399e-02
-5.598024925319874251e-02
-5.145163376677912986e-02
-6.927412165883962969e-02
-6.030422484470128464e-02
-6.022443186855901825e-02
-9.697698614220050251e-02
-7.168433782143245059e-02
-6.277773427408896156e-02
-7.774781031292780920e-02
-5.957539335999535723e-02
-7.023965729942265035e-02
-6.842891151970713348e-02
-6.952052506668639220e-02
-8.214602651707972325e-02
-5.715834818341431617e-02
-5.617738445948546044e-02
-9.683068861298220475e-02
-5.827863202057249198e-02
-9.329821124446671665e-02
-1.220016939835556619e-01
-8.335651526178168569e-02
-1.070347968825687557e-01
-7.550201252008290065e-02
-1.199508152119573567e-01
-7.543990356541512010e-02
-1.101220368963744672e-01
-9.682870309474510273e-02
-4.429677463668202364e-02
-7.721984093575279262e-02
-6.307367553572280905e-02
-8.468095853707716114e-02
-4.972398263520030892e-02
-4.271313233769413048e-02
-6.546163318117045882e-02
-4.911282431346772337e-02
-5.373926254909790895e-02
-6.233727779339774677e-02
-8.441620193068273548e-02
-5.367547143941137772e-02
-7.697484467284304577e-02
-7.243046149164833469e-02
-8.795251012479020358e-02
-1.162872051556206460e-01
-9.530918110263454646e-02
-1.028188143077060634e-01
-5.780670032290802923e-02
-5.249504196498084446e-02
-6.380714580316131090e-02
-3.851848073222646773e-02
-6.748529058475566909e-03
4.949754666465033121e-02
7.988383970832968473e-02
7.608939246881399332e-02
7.587119740578165961e-02
9.412793942099793865e-02
6.147398864950820441e-02
8.298884892149380188e-02
6.434902902625425081e-02
5.738764369303986368e-02
5.044558515661040632e-01
4.017238676930700025e-01
5.358270740294731604e-01
5.814416748845910865e-01
4.452073877236790711e-01
4.454654824862649409e-01
3.759471982486375374e-01
3.685343738227526145e-01
3.977476554721768309e-01
4.645495866597269541e-01
4.212914180648665852e-01
2.863087490141923985e-01
5.469179832202466507e-01
4.847842711462486687e-01
3.913492621960487083e-01
4.176451511019392826e-01
4.654104637676254042e-01
3.613580597509987724e-01
3.417227771968038286e-01
5.077467535725110892e-01
4.173364853123280316e-01
3.525345442838614951e-01
3.827100829595682652e-01
3.568325639413519323e-01
2.851352525071780830e-01
3.239599728828718161e-01
4.239179403407799529e-01
3.149074445310756643e-01
2.924066371867501957e-01
2.008541701945575908e-01
2.415982807041143765e-01
2.683040344957366430e-01
3.097817309958606491e-01
2.697676081095793377e-01
3.240367879220592551e-01
2.656848307588056679e-01
2.611663221488245701e-01
3.798599055066294028e-01
3.271319511646280653e-01
2.747810981776641626e-01
3.989762207021214646e-01
4.697186214915797242e-01
2.833607448120801786e-01
2.114365628711820100e-01
3.380779637180670316e-01
4.555831014607422125e-01
4.449917545039556166e-01
3.155706930911169605e-01
3.866682175276264788e-01
3.901695553745052614e-01
3.474190177010366698e-01
4.099206849629170590e-01
3.436955096482913197e-01
2.939438496325776917e-01
2.658326440689620651e-01
1.371393087547283229e-01
-5.252030487905984257e-01
-4.928024012569802159e-01
-4.217882556032951924e-01
-4.390929243904242996e-01
-3.897437259591564618e-01
-4.048162071028776343e-01
-4.349024803402336270e-02
-5.610016155496595769e-02
1.317028688443393769e-01
1.018780432698904864e-01
6.055505996146411940e-01
5.075009361760648430e-01
5.723570288926811411e-01
-2.545239743491413131e-01
-2.209784641322040111e-01
-2.888370420379395287e-01
-3.253899168716594681e-01
4.278652222429868424e-02
4.447590146105488695e-02
-3.002443323229943561e-01
-2.814958426289582150e-01
-2.858623228511613101e-01
-3.073636499153258317e-01
-2.706658551205974872e-01
-2.474594193614073345e-01
-1.690678818711536524e-01
-1.996729365308442528e-01
-2.061288150307141742e-01
-2.279500693381069920e-01
-2.041263100099895700e-01
-2.279193384189116822e-01
-2.399839361933965853e-01
-2.558093453371842463e-01
-2.412875387928710147e-01
-2.633240712606318978e-01
-2.698266941378336670e-01
-3.119187952621768067e-01
-3.048342322531965576e-01
-3.212829657510880565e-01
-2.960376623500689530e-01
-3.281941845935010260e-01
2.261999991424075707e-01
3.301772090538688809e-01
-2.203412423294558165e-01
-2.381450735229983240e-01
-2.373642162237108444e-01
-1.945964783982035706e-01
-1.283703170381906844e-01
-1.115443187882904086e-01
1.903247829481283585e-02
6.149401903426002236e-02
1.596919982009741001e-01
1.179780725905703181e-01
1.024744710026188610e-01
9.323737186353685258e-02
2.465367316057741065e-01
2.007553776721598959e-01
-3.873991388917999434e-02
-8.288030887978976857e-03
-2.717147136207390679e-01
-2.858348893002717883e-01
-3.212558564347153256e-01
-1.967569454218932867e-01
-2.208888942741257799e-01
-3.074123456251413589e-01
-2.876353690483573478e-01
-3.469388670753245640e-01
-3.931514178808917515e-01
-3.569114852272332605e-01
-2.612420653790238911e-01
-3.062003727185784174e-01
-2.876506599747135073e-01
-2.623112164575253091e-01
-2.963545894088156496e-01
-2.417839510090764588e-01
-2.928788606693125129e-01
-2.616213979267045797e-01
7.648554073431741707e-02
1.204645327283494632e-01
1.629183054265573583e-01
1.701149426299273792e-01
1.350433280694855187e-01
1.252488307674992085e-01
1.109892833353040287e-01
1.544898309355611510e-01
1.794438942713100227e-01
2.233794053105645494e-01
1.590014527451111825e-01
1.464523999236532759e-01
1.905929531838975455e-01
1.899853042624215227e-01
2.234626784148201206e-01
2.627551906360353073e-01
1.047035945507773236e-01
1.916950746643999448e-01
1.238617234588715171e-01
3.486435891375031654e-02
3.588244109422643602e-01
3.224235177625275339e-01
3.172490894936875749e-01
3.237350027752409209e-01
2.949216215740241287e-01
2.870651703519451203e-01
3.557513942579484389e-01
2.455164092165732642e-02
1.640360190549872491e-02
1.122258728488939768e-02
1.903420785668890822e-02
1.571845878632722321e-02
1.512389904110552664e-02
3.458597274601068333e-02
1.203249627568125091e-01
7.085000537818128552e-02
1.335142291084668309e-01
1.029248188094565170e-01
1.171974955502455840e-01
9.105951175727126923e-02
3.340413945493162645e-02
-1.849113461315000581e-02
-3.386472926855021298e-02
-2.896571332405145291e-02
-3.677782907787766498e-03
1.570908894796102864e-02
-1.055715638259073497e-02
3.339080709328713734e-03
7.840818729862242958e-03
-1.352044795687853615e-02
-1.085540500505336944e-02
-6.685800761769354617e-02
-5.218866200482586218e-03
-3.150685994028649961e-02
-4.025195638550246174e-02
-2.552267803884079866e-02
-3.152704729694331270e-02
-2.949754585853497577e-02
-2.403013889649080123e-02
-4.957652462612817390e-02
-8.726547866981662627e-02
-4.949762855247377691e-02
-6.418987458682906544e-02
-5.404180584359481038e-02
-4.633705386457410286e-02
-7.900546125107822670e-02
-6.686709618604932959e-02
-5.288541022668570568e-02
-9.294416583501151352e-02
-3.239018729279556641e-02
-1.176214452927649631e-02
-5.327849220533707048e-02
-1.780066912640363569e-02
-6.901783071676634296e-02
3.347580662842481597e-02
1.563329795956937621e-02
7.939562912465870925e-02
8.832035261777758384e-02
9.244648821236522984e-02
8.027168984151818176e-02
1.058968246514712386e-01
9.914646781092016636e-02
9.065206519210582126e-02
8.259874467283323529e-02
7.388771077851670477e-02
9.720936827058597463e-02
9.355323433638979003e-02
6.189311775963027978e-02
6.804056296284791139e-02
5.124256354261438190e-02
3.446455592409548851e-02
9.238024147916472535e-04
3.324363925339896692e-02
1.610218089643942196e-01
1.177046961482198367e-01
1.064847843715791553e-01
1.540310553728796161e-01
1.690496621964078169e-02
5.506656566448882989e-03
1.419503534103419215e-02
-6.853300435237285118e-03
1.702824134333195689e-04
5.737461429950612563e-03
-1.637026016895209296e-02
5.661374064236230318e-03
-2.649306740187316422e-04
1.138120209436417705e-03
-5.505251137448938584e-03
-8.649146036652424069e-03
-1.982333544319775029e-02
-1.607875333187360964e-02
-2.855565523932976357e-02
2.722996488871963494e-02
-6.131462050210577386e-02
-8.779667490056321244e-02
-7.886514998232822815e-02
-4.086951663923444472e-02
-3.655905370532722132e-02
-8.479499211850549667e-02
-1.065447281019098191e-01
-9.843728048042647838e-02
-9.001849724425745047e-02
-1.226416529290140500e-01
-7.884499979861932240e-02
-7.943826444310758683e-02
-1.087507212188944666e-01
-7.463245227036620355e-02
-9.618550550873491978e-02
-8.818488573391301821e-02
-1.145003149366183165e-01
-1.023416374703157578e-01
-9.237957200190741180e-02
-1.212026520335790364e-01
-1.084183681400230498e-01
-3.692920715724890696e-02
-4.178805215470408202e-02
-2.917684752871588932e-02
-3.249160767172099701e-02
-3.483122502885619559e-02
-3.983310308003502886e-02
-4.319444956859298107e-02
-3.223215518457142603e-02
-2.346728486882060719e-02
-2.379022479081097097e-02
-2.532444588599421648e-02
-1.626978574488426380e-02
-1.043274397842387444e-02
-6.735186757666245493e-03
-2.491936238222139648e-03
-3.788544737082668798e-03
-1.631475338572034584e-02
-4.042184867753859795e-02
-4.293929491277917454e-02
5.790951709201632575e-02
5.102125950302965895e-02
5.065816112997206105e-02
4.106965286473804322e-01
3.780425265606850438e-01
3.404745506716390646e-01
3.096578260267150995e-01
2.774263698668107403e-01
3.515000282468906390e-01
2.681061088225645261e-01
2.997176904867958069e-01
2.314426244918067477e-01
3.228998336222207999e-01
2.450430660012415107e-01
1.943203522964521424e-01
3.638600179798177625e-01
3.164479276666746221e-01
1.903201394653770695e-01
1.476297258152370062e-01
3.360575119983830739e-01
3.600765514494150277e-01
2.837265501488864250e-01
2.061766872618759350e-01
2.278994622437226225e-01
1.637267321095353667e-01
2.092695519869667842e-01
1.346474376516901827e-01
1.572236614821882483e-01
1.740887669086848000e-01
1.103033674816789600e-01
1.332969983584287588e-01
2.637145782299585295e-01
2.460258767052825590e-01
2.239953699590459535e-01
1.976002478514319038e-01
1.902881854661012950e-01
2.186888880741744701e-01
1.533245327564043414e-01
1.655283187854393601e-01
1.854507896286110846e-01
1.263477143475014719e-01
3.479455466865690738e-01
3.448280202512601367e-01
2.664036309211123554e-01
2.995067013219159802e-01
2.308787483683528152e-01
2.118373140315857328e-01
1.572354914567365147e-01
1.296393710159520207e-01
1.701597305414694894e-01
1.457751124739581905e-01
1.785473000502862395e-01
2.124709987946339917e-01
-3.623612503748424585e-02
-4.817744192165244327e-02
-5.300228382720616194e-02
8.203723709919243101e-02
9.521992729295793156e-02
6.600682430880816520e-01
5.753139009714183238e-01
6.497990357027235708e-01
4.873951182980577612e-01
4.093539140631112794e-01
5.470381529519360297e-01
-2.373882659568597453e-01
-2.571403888618025713e-01
-2.042091491063182662e-01
-2.299746804988631599e-01
-1.117794537908622238e-01
-1.821356162125799538e-01
-1.552737985233598184e-01
-1.762531259694213315e-01
-1.409262022233900846e-01
-1.841995239931489003e-01
-1.603748168690443399e-01
-1.390145349035070699e-01
-1.976880952313915807e-01
-1.517020835681201218e-01
-1.514140149200434160e-01
-1.827826154900560884e-01
-1.795275561306198808e-01
-1.367568213513868092e-01
-1.104792459183981529e-01
-1.531960903572905097e-01
-1.759273528081284899e-01
-7.110202803295162521e-02
-1.281218639686768079e-01
-1.000654330147404125e-01
-1.540970632217131542e-01
-1.340555720703901776e-01
-1.277446985758305675e-01
-1.050578452776534943e-01
-8.508942842788254357e-02
-9.915289482867380155e-02
-1.909194684600110103e-01
-2.744373573462723370e-01
2.533690738985132085e-01
1.987999454550692657e-01
3.460413547268660905e-01
2.802573307964171256e-01
2.905421233618235011e-01
3.675555147444695692e-01
5.207325678962760468e-02
-2.806187011590747238e-01
-2.213651763506178094e-01
9.522359030595810292e-02
7.291646536986816363e-02
8.697358777611029212e-02
2.730046640531706703e-02
2.494360252298380431e-02
3.406967874444417205e-02
5.911533049681838570e-02
2.568323657830675830e-02
3.819658857596611862e-02
4.802907175843470350e-02
4.640016613375263360e-02
-2.645085013147882233e-02
-1.953636328747738321e-02
-2.608059556516125616e-02
-1.671124050901947600e-01
-1.153633192512757699e-01
-3.942013820691413206e-02
-6.075487007982235954e-02
-8.397766147699120554e-02
-6.002458071369293907e-02
-3.406029655805808964e-02
1.275794666129958198e-02
1.567287020596203409e-02
2.249857605000590843e-02
8.422101558527206322e-02
1.218277912215321168e-01
9.348039060028447145e-02
1.240110589600071783e-01
1.067634191641788077e-01
1.167179654134921640e-01
1.116965495876808406e-01
1.096867562550890574e-01
9.933844521165555164e-02
1.650423517380237848e-01
1.090197936759962627e-01
1.399735374066901350e-01
1.053485622398217525e-01
1.271085305298826351e-01
1.232697837088321535e-01
1.289489979982511303e-01
1.223625079403567184e-01
1.425532778778592080e-01
1.109398298501855645e-01
1.157408898482529119e-01
1.488064374950662516e-01
9.609525670958680987e-02
1.234538680737189836e-01
1.339477238031126782e-01
1.516170276023439401e-01
1.926009049349979574e-01
1.737109438969194619e-01
2.050516684507877052e-01
1.933959448540890635e-01
2.342287412866757290e-01
7.115467878180001260e-02
1.396879106956487870e-01
1.246108843507949260e-01
1.041221702402711502e-01
8.454450028883371548e-02
7.603733502216818152e-02
7.663007867637149084e-02
1.205412714056869339e-01
9.910474900081658878e-02
8.925320592527261065e-02
3.677739711016306950e-02
1.381684656892635255e-01
1.366155828910289582e-01
1.212268737187143924e-01
1.009049286579157337e-02
5.151354609808021269e-03
4.143707037181721189e-03
-3.605081789816524246e-02
-2.627024723738286341e-02
-2.261983467635406142e-02
-2.857020816261000157e-02
-4.840229555149947599e-02
-1.281691515148338650e-02
-1.724641882257663475e-02
-3.527658463674152728e-02
-3.298668823416321672e-02
-5.573356390292109191e-03
-2.356860832253977051e-02
-3.066929027332767482e-02
-7.406536914127542781e-03
-2.134241530264155071e-02
8.342334664533348348e-03
-3.333802436157747365e-03
1.321123554235592232e-02
2.452236775382019007e-02
8.714405114532499524e-03
2.014202286943680975e-02
6.305982100650354277e-03
7.278008712352186660e-03
-8.655418319793089371e-03
8.013307626070668294e-03
-7.067317029074855761e-02
-1.237481076169680977e-01
-1.605541244245327070e-01
-1.393679577160435168e-01
-1.428538627734659283e-01
-1.519042025856885969e-01
-1.471972508996463591e-01
-1.667996026946831356e-01
-1.362061722059774160e-01
-1.511464802377218142e-01
-1.765566071787977864e-01
-1.531934440049080026e-01
-1.892685336939986807e-01
-1.744073247051265985e-01
-1.677833455209008229e-01
-2.209108896245641773e-01
-2.456737373120648216e-01
-2.069553947488277368e-01
-1.691569742584683733e-01
-1.952031597960082743e-01
-1.466220312089921429e-01
-1.443208405908533165e-01
-1.983824989248149651e-01
-2.090928575285107005e-01
-2.264770120873249304e-01
-1.984803320665884385e-01
-2.161976363207376017e-01
-1.268926309476045566e-01
-1.060853376971780532e-01
-1.887924487694205011e-01
-1.729816186337615747e-01
-2.210051429042051152e-01
-1.325950999432732313e-01
-1.494818165450287339e-01
-1.029030983082218492e-01
-8.562178519941619770e-02
-1.198512075717433623e-01
-1.278717359444764834e-01
-2.429660305148692023e-01
-1.727917298880965180e-01
-1.784376951619961460e-01
-2.123300027130366197e-01
-9.233856784892427449e-02
-7.308300966621505967e-02
-1.020121437684067406e-01
-9.320118482114229941e-02
-1.260209938169279398e-01
-1.550380362947492985e-01
-1.342431938413956305e-01
-1.357023217329013653e-01
-1.091245701353491526e-01
-4.370335519345387720e-02
-3.576208282853726023e-02
-3.430392690330689304e-02
6.436209609462105463e-02
4.701703017523822109e-02
4.259369438057000190e-01
4.143556465406745826e-01
3.119995193643462228e-01
7.275009540789031948e-02
2.459610349733913071e-01
1.237784711703429769e-01
1.364726908276104045e-01
1.390337426729148507e-01
1.666786426763117446e-01
1.554758990967496646e-01
1.781771473523954263e-01
1.040755795550546842e-01
1.709398622448126959e-01
1.291070282539990566e-01
1.489132895682505064e-01
9.312696453167422506e-02
9.390097816569119293e-02
1.040414706094567737e-01
1.134547962563119128e-01
9.037625144101502084e-02
8.624515818773796638e-02
6.192861674335586875e-02
3.422746102707830557e-02
1.149635942514259240e-01
6.053285311338520852e-02
3.963394835955786483e-02
6.509964379927804523e-02
3.139347206976918492e-01
2.545788378993064094e-01
2.862394106090266344e-01
2.575356622094374659e-01
2.507769109776441518e-01
2.233702104719614834e-01
-5.135755211805742571e-02
-4.360273054233768791e-02
6.910574043910341913e-02
4.667524002766993418e-01
4.552160628157057576e-01
4.434446229431787123e-01
4.736243019674837851e-01
-1.378161758447807306e-01
-1.195383130957236306e-01
-3.099760250801389394e-02
-2.260249480214146511e-02
-3.682808223728397529e-02
6.968245104868506755e-03
-6.072750921431902676e-02
3.706097654246098827e-02
-4.039485627260477191e-02
-9.091779159773483165e-02
3.911207335258337081e-01
3.328659586052964969e-01
3.326679390930660229e-01
4.465125308499800355e-02
8.102278080891206491e-02
-2.509473615730565266e-01
-1.801550377973946127e-01
3.803089266910207426e-03
1.817390370428262694e-02
4.675417142563891015e-02
1.735164843524931956e-03
3.850803228380517140e-02
7.188988157484600683e-02
9.219292872075540712e-02
8.089824817717479466e-02
4.105861472487873191e-03
7.420066012271119352e-03
-2.038618070583949615e-01
-5.708842933460762936e-02
-4.520160974093298534e-02
-3.394269519356606091e-02
-3.626198678894267807e-02
-6.863504784448701268e-02
-8.137793032624660028e-02
-6.640514720779824853e-02
-3.869238904039259269e-02
1.136694366938014039e-01
9.057645928059414320e-02
2.343038605458578894e-01
2.162387203987272966e-01
2.227428073737650616e-01
2.264435494092514045e-01
2.602412567966017609e-01
2.951955236689243200e-01
2.783274784128750290e-01
2.977921845022513114e-01
2.592854935935943739e-01
3.221360760248966892e-01
2.508232256899678991e-01
2.323697394494937118e-01
3.598004859363296282e-01
3.984607104276215450e-01
4.085227858385316879e-01
3.992354667839929649e-01
3.633319253990065500e-01
6.443837422177986496e-02
5.832261239846537465e-02
6.562722250238887944e-02
5.236851955823419724e-02
7.790617622104428763e-02
6.418960325399114542e-02
5.710996845545233958e-02
5.403379389635085128e-02
4.713859070132856571e-02
3.732946587827146168e-02
-4.808515774278829258e-02
-7.984196424641863687e-02
-6.919722728186913918e-02
-1.283446212992342961e-01
-1.555484691130498698e-01
-1.774377515025923335e-01
-1.380150238483685565e-01
-1.287749595298309513e-01
-1.329565351968098608e-01
-2.292794420985288517e-01
-2.129407534858638873e-01
-1.069180413779110134e-01
-1.149797662247172975e-01
-1.068831320299020171e-01
-9.681469044813478808e-02
-9.227036503798614897e-02
-1.261961171581417462e-01
-1.272425385574186552e-01
-6.948683828927386397e-02
-7.654470853806703834e-02
-7.954397740620537671e-02
-1.958979794417812226e-01
-1.955313434950355367e-01
-2.321012576466167099e-01
-2.284501916181818915e-01
-7.765200566109245472e-02
-6.397206146553635620e-02
3.832477371222597906e-02
3.856705909610397276e-02
4.313806222612345809e-02
3.105139922782335776e-02
4.491345775790177991e-02
6.123470960471776026e-02
7.555159246664004680e-02
6.629015968986436136e-02
2.133147664968801371e-02
-9.797207457448532664e-03
-1.125092609030409890e-02
-1.993859310096502552e-02
6.949213297236007600e-03
5.714787080152073512e-02
2.515130469321396819e-02
7.376626640691211212e-02
2.946039359237334621e-01
2.730332033276960391e-01
2.583181949231589392e-01
2.726530084706531576e-01
2.237671126645429387e-01
4.022805550124101126e-01
3.596322848229260849e-01
-1.405335728704283638e-01
-7.790591446433360601e-02
-1.203398468008904654e-01
-6.468763255354244290e-02
-7.189059494601056366e-02
-2.019676465773300178e-01
-1.643946760878426394e-01
-1.301885881221820918e-01
-1.384720391363747360e-01
-1.426681798698934134e-01
-5.487171017160594189e-02
-1.494026245632666672e-02
-9.041919912700040196e-02
-8.927759980939396767e-02
-5.343303453203498282e-02
-7.579094699511577937e-02
-1.728187320585985315e-02
-1.035683627603020268e-01
-3.630359034977652388e-02
-4.940944885141813903e-02
-2.287983057420405197e-01
-5.436904253817521210e-02
-4.402413823581137475e-02
-4.477151884247163732e-02
-3.639939389468552222e-02
2.403626038323168068e-01
1.762833315621365193e-01
2.016653242148669922e-01
1.748300823670880244e-01
1.825576775265977392e-01
1.603633328065995345e-01
4.567098819454353809e-01
4.946870447408073523e-02
2.477940868039024136e-01
2.272988631545531102e-01
1.870544550220226698e-01
-9.969571046255620850e-02
-8.488297506158401506e-02
-9.852318384936704920e-02
-1.153922929946152448e-01
-1.219122721943026455e-01
-9.197970469117737469e-02
-4.959605343406782441e-02
-5.173057929908152219e-02
-3.697748489714425962e-02
-1.879346258034880202e-01
-1.646726855070373974e-01
-1.365666935930615888e-01
-1.089295039242058755e-01
1.972416583610770435e-01
1.824660809555075092e-01
2.053829963579643370e-01
4.273169418301896866e-02
-9.308998918790356569e-02
-6.458942627108944790e-02
-4.997301747544242306e-02
-6.675618082455048174e-02
-6.134262871144099960e-02
8.871167951981868971e-02
1.053144878856340089e-01
1.054629467773593177e-01
1.121310673211127623e-01
6.721223200190508396e-02
6.754203191995326871e-02
5.241871121829481117e-01
5.523827179978246793e-01
4.875214173667569151e-01
-7.222272021525305563e-02
2.640107416264511064e-01
3.010783499685977249e-01
7.638863214997863860e-02
4.266225335726958612e-02
1.393640001386426720e-02
2.135030905796561074e-01
1.784665940195366840e-01
1.988741385238588510e-01
2.068334932299809026e-01
1.735866685526874231e-01
1.521251910229790560e-01
1.976845810135330339e-01
1.605849171500234596e-01
1.779395590199555621e-01
1.565806499353459558e-01
1.458804132959511113e-01
1.441574139214339412e-01
1.356558253621605592e-01
1.631969127046136170e-01
1.567215284870715208e-01
1.536356819299434517e-01
1.592236127393670264e-01
1.386832703060034144e-01
1.476391488314816036e-01
1.314075517102626933e-01
-1.184530759486708273e-01
8.450343243091988643e-02
-1.598606140131201281e-01
