1.000000000000004885e+00
1.000000000000004885e+00
1.000000000000004441e+00
1.000000000000003775e+00
9.999999999999983347e-01
1.000000000000000000e+00
1.000000000000000000e+00
1.000000000000000444e+00
1.000000000000002220e+00
1.000000000000002220e+00
1.000000000000002665e+00
1.000000000000002665e+00
1.000000000000002220e+00
1.000000000000000888e+00
1.000000000000000666e+00
1.000000000000000666e+00
1.000000000000000444e+00
1.000000000000000444e+00
1.000000000000000444e+00
1.000000000000000000e+00
1.000000000000000444e+00
1.000000000000000888e+00
1.000000000000000888e+00
1.000000000000001110e+00
1.000000000000002220e+00
1.000000000000003775e+00
1.000000000000004219e+00
1.000000000000003997e+00
1.000000000000003997e+00
1.000000000000004219e+00
1.000000000000000888e+00
1.000000000000000888e+00
1.000000000000001554e+00
1.000000000000000444e+00
1.000000000000000666e+00
1.000000000000004219e+00
1.000000000000003997e+00
1.000000000000003997e+00
1.000000000000003997e+00
1.000000000000002665e+00
1.000000000000001998e+00
1.000000000000000444e+00
1.000000000000000666e+00
1.000000000000000888e+00
1.000000000000000888e+00
1.000000000000004441e+00
1.000000000000002442e+00
1.000000000000002442e+00
1.000000000000001554e+00
1.000000000000001998e+00
1.000000000000001554e+00
1.000000000000001332e+00
1.000000000000001998e+00
1.000000000000002442e+00
1.000000000000002442e+00
1.000000000000004219e+00
1.000000000000004441e+00
1.000000000000004663e+00
1.000000000000004441e+00
1.000000000000002220e+00
1.000000000000001998e+00
1.000000000000002887e+00
1.000000000000004885e+00
1.000000000000004885e+00
1.000000000000004441e+00
1.000000000000004885e+00
1.000000000000003997e+00
1.000000000000004219e+00
1.000000000000004219e+00
1.000000000000004663e+00
1.000000000000004441e+00
1.000000000000004441e+00
1.000000000000004441e+00
1.000000000000004441e+00
1.000000000000003997e+00
1.000000000000004441e+00
1.000000000000003997e+00
1.000000000000003775e+00
1.000000000000003775e+00
1.000000000000003997e+00
1.000000000000002442e+00
1.000000000000002442e+00
1.000000000000002665e+00
1.000000000000002887e+00
1.000000000000003553e+00
1.000000000000003331e+00
1.000000000000003109e+00
1.000000000000003553e+00
1.000000000000002442e+00
1.000000000000004663e+00
1.000000000000003775e+00
1.000000000000002220e+00
1.000000000000001332e+00
1.000000000000002442e+00
1.000000000000001554e+00
1.000000000000001998e+00
1.000000000000001776e+00
1.000000000000000888e+00
1.000000000000001332e+00
1.000000000000002220e+00
1.000000000000000666e+00
1.000000000000002887e+00
1.000000000000003997e+00
1.000000000000003109e+00
1.000000000000000888e+00
1.000000000000000888e+00
1.000000000000000666e+00
1.000000000000003997e+00
1.000000000000004663e+00
1.000000000000003109e+00
1.000000000000003331e+00
1.000000000000004441e+00
1.000000000000002220e+00
1.000000000000003331e+00
1.000000000000004441e+00
1.000000000000004441e+00
1.000000000000002665e+00
1.000000000000002887e+00
1.000000000000002665e+00
1.000000000000002887e+00
1.000000000000001776e+00
1.000000000000000444e+00
1.000000000000000666e+00
1.000000000000000888e+00
1.000000000000001332e+00
1.000000000000003331e+00
1.000000000000000666e+00
1.000000000000000444e+00
1.000000000000004663e+00
1.000000000000004441e+00
1.000000000000002665e+00
1.000000000000001998e+00
1.000000000000000888e+00
1.000000000000000444e+00
1.000000000000002665e+00
1.000000000000002887e+00
1.000000000000002665e+00
1.000000000000001554e+00
1.000000000000002442e+00
1.000000000000002887e+00
1.000000000000002665e+00
1.000000000000000444e+00
1.000000000000000444e+00
1.000000000000000888e+00
1.000000000000000888e+00
1.000000000000000888e+00
1.000000000000000444e+00
1.000000000000000666e+00
1.000000000000000666e+00
1.000000000000000444e+00
1.000000000000000444e+00
1.000000000000001332e+00
1.000000000000000666e+00
1.000000000000000444e+00
1.000000000000000000e+00
1.000000000000000666e+00
1.000000000000000222e+00
1.000000000000002442e+00
1.000000000000004441e+00
1.000000000000002665e+00
1.000000000000002887e+00
1.000000000000000666e+00
1.000000000000000444e+00
