0.000000000000000000e+00
2.433595351422539171e-19
-5.274708111375122838e-18
0.000000000000000000e+00
0.000000000000000000e+00
0.000000000000000000e+00
0.000000000000000000e+00
3.606137672084201535e-18
0.000000000000000000e+00
1.713754857293899923e-17
0.000000000000000000e+00
0.000000000000000000e+00
0.000000000000000000e+00
-2.831684557942527573e-18
0.000000000000000000e+00
0.000000000000000000e+00
0.000000000000000000e+00
-1.919096293221091335e-16
-1.896675666868091480e-16
0.000000000000000000e+00
2.000255522346184311e-01
3.919663440579709834e-01
5.680643900641716426e-01
7.212027397818133734e-01
8.451902339625593230e-01
9.350162899310805464e-01
9.870502608371053421e-01
9.991890044404446725e-01
9.709418892561161307e-01
9.034506252107961100e-01
7.994425165402504474e-01
6.631224587855696351e-01
4.999998943375312810e-01
3.166680150983717246e-01
1.205368459515985397e-01
-8.046625835226528523e-02
-2.782170260786205329e-01
-4.647235259641218086e-01
-6.324455733080063258e-01
-7.746050318914131649e-01
-8.854560100019983615e-01
-9.605180620698504645e-01
-9.967572821756159884e-01
-9.927089303959544253e-01
-9.485363189285581642e-01
-8.660252817759073185e-01
-7.485106821531738452e-01
-6.007423001367615534e-01
-4.286927324855175359e-01
-2.393159884136778770e-01
-4.026641800892831469e-02
1.604116532241445237e-01
3.546051047057257599e-01
5.344659007833867381e-01
6.927243130278224470e-01
8.229837519444915817e-01
9.199793084096266060e-01
9.797905541268531193e-01
9.999999999999330536e-01
8.469783003752414663e-01
7.171651313836988617e-01
6.070037035009809845e-01
5.134753760177250825e-01
4.340172880283873491e-01
3.664521309803954741e-01
3.089284861192955756e-01
2.598700919580501645e-01
2.179326515989402080e-01
1.819669963433790671e-01
1.509875961997902416e-01
1.241455544152685886e-01
1.007053460278518608e-01
8.002466302979067969e-02
6.153681385948133603e-02
4.473519493337691638e-02
2.915940870717982636e-02
1.438264787377372712e-02
0.000000000000000000e+00
0.000000000000000000e+00
0.000000000000000000e+00
0.000000000000000000e+00
0.000000000000000000e+00
0.000000000000000000e+00
0.000000000000000000e+00
0.000000000000000000e+00
0.000000000000000000e+00
0.000000000000000000e+00
0.000000000000000000e+00
0.000000000000000000e+00
0.000000000000000000e+00
0.000000000000000000e+00
0.000000000000000000e+00
0.000000000000000000e+00
0.000000000000000000e+00
0.000000000000000000e+00
0.000000000000000000e+00
0.000000000000000000e+00
0.000000000000000000e+00
0.000000000000000000e+00
0.000000000000000000e+00
0.000000000000000000e+00
0.000000000000000000e+00
0.000000000000000000e+00
0.000000000000000000e+00
0.000000000000000000e+00
0.000000000000000000e+00
0.000000000000000000e+00
-1.847173229026696902e-17
0.000000000000000000e+00
0.000000000000000000e+00
0.000000000000000000e+00
0.000000000000000000e+00
0.000000000000000000e+00
0.000000000000000000e+00
-7.401791538552811185e-19
0.000000000000000000e+00
4.967827989892626382e-03
4.839187388586718708e-02
1.447687645987344174e-01
1.827784050154328543e-01
2.128512188389931198e-02
1.024690941953083079e-01
3.619682948158727820e-01
7.593463463370514477e-01
1.745426591656648249e-02
5.526475160785594698e-02
2.403904668524944888e-02
1.569000501356303534e-01
7.168991055223336573e-02
5.060203916166585575e-02
8.800338909713938118e-02
1.341057954046006029e-01
3.275372333474141917e-01
4.582823191473968105e-01
1.392004990179535398e-02
3.960531354936633330e-02
7.412231110230606268e-02
5.257737371892860084e-02
8.975072203291620254e-02
1.109106890998185074e-01
7.058408765475653046e-02
1.366497374970636614e-01
1.899305450495581693e-01
3.349011092378383347e-01
3.933610843939606139e-01
4.686160539597190589e-01
1.976934020662003133e-01
1.630266716370415425e-01
2.484306945309386061e-01
2.852568432479322125e-01
2.163529690346484291e-01
2.370154605308701090e-01
3.655825881203944583e-02
-1.742746582885921353e-02
-4.713420429942174333e-02
2.893795155373592252e-03
1.459597208748178443e-02
8.445253768170207787e-03
6.651277571977035757e-03
1.481208285246777591e-02
1.310497809217627506e-02
3.706044933517926854e-02
2.537780480031881156e-02
5.182286168131482462e-01
2.656672640453793810e-01
3.795055331122014763e-01
3.834641494972742537e-01
2.793273479012219895e-01
1.447371449680897593e-01
9.414296975860665662e-03
2.419484946731741484e-02
1.273486771021770450e-02
2.482201039354458086e-02
3.656642410304304647e-02
3.753365141682885042e-02
3.078528816586284869e-02
6.025137403467305947e-02
3.702794908197244023e-02
5.240406550466188140e-02
3.382750461682943605e-02
2.141724928312908199e-02
4.712279716053128231e-01
8.514927211310445720e-01
6.529510809075008693e-01
7.754581458459018917e-01
9.881322809155629328e-02
4.376155468463324705e-02
1.133239619355638356e-01
3.972923705446780862e-01
1.557069339869728529e-02
2.388031041859055292e-01
4.893892077035816301e-02
2.265823879188067630e-02
-1.389890754924848898e-02
-4.810523648889256654e-01
1.188680505106350311e-03
-2.437072217215302539e-02
-2.262317369460166427e-02
-3.270655746575538286e-02
0.000000000000000000e+00
9.579869265313409668e-03
3.552833171087003972e-02
2.195641599364577673e-02
2.524379797278387613e-02
3.761857997986599311e-02
6.604386694534656321e-01
6.885208237713813517e-01
5.400829910936560951e-01
7.449567083223282427e-02
1.482127255372102381e-02
6.893801053778900179e-02
4.868933856883343042e-02
4.174463784132084049e-02
1.018355274604372876e-02
4.715643528797783257e-01
-5.523081907375029798e-02
1.168107212666164851e-01
1.917477059154635566e-01
1.292120299759677050e-02
6.815200849004689893e-03
7.651934867586328293e-03
3.162434986260409531e-01
4.862398396886294938e-01
-1.036110320749483588e-01
2.279511657885347625e-02
9.941498576102891088e-03
1.779758702684655289e-02
-6.090817712194545631e-03
-6.094726535516483551e-03
-1.302406471856005360e-02
-6.399562455562572971e-01
-3.630026645894275927e-01
-5.544464271168639824e-01
-6.458555766653680807e-01
5.508225359793455069e-04
-1.668338347818491482e-02
-1.068731723762652783e-02
-1.609130236061886293e-02
-1.632103411859479880e-02
-7.415221361763168519e-03
-1.499673556307824611e-02
2.924228961300227164e-02
2.196462211209170706e-02
3.543137695597822767e-02
8.272452657886586458e-02
5.653638926643957813e-02
4.682186017018406116e-02
5.348418504458019723e-02
4.703380929815224876e-02
3.351641971017912947e-02
6.685869589421748749e-02
3.418972314701713283e-02
6.373991659535374055e-01
8.212251343195045017e-01
8.004180647857218611e-01
6.569158458638352238e-01
7.984745956687584467e-01
4.908027408064192798e-01
2.865946865688993005e-03
1.266577690421121123e-02
8.542518511130603454e-02
8.103293566337572973e-02
7.051925032031465534e-02
2.663693951750757682e-02
1.047435352992141973e-02
6.292985636159215135e-01
5.494480869233632214e-01
3.685972443815558330e-01
6.359052619778450544e-02
-2.070126765264634072e-01
2.796094738347758013e-01
3.062536116294404809e-01
2.698414309413132428e-01
0.000000000000000000e+00
0.000000000000000000e+00
3.276672601279726101e-03
3.673726542166225739e-01
4.822056302690980734e-01
1.828242316385835509e-01
-1.380451657320904413e-01
9.637883559175525194e-03
1.647744618815998041e-02
0.000000000000000000e+00
0.000000000000000000e+00
0.000000000000000000e+00
-1.149691554373544894e-02
-7.459435886181190467e-01
-5.842603044151545300e-01
-7.654994620953878837e-01
-5.159529646435201400e-01
-7.444961831212703052e-01
0.000000000000000000e+00
0.000000000000000000e+00
-1.084206482058204871e-02
-7.176324988652203925e-03
-8.649186060254951749e-03
-3.236073215064832597e-03
-1.636087601163883909e-03
1.315591478770481403e-02
1.390340344593950922e-02
9.562449447994862683e-02
6.786407202188504684e-02
7.836909764321043914e-01
5.382746075135865782e-01
6.379528053917835617e-01
7.265518639668655521e-01
1.264963376520539598e-03
5.726029576164195015e-03
5.557935323030150331e-03
1.143410352297256488e-01
6.456582214036792056e-02
2.840999276377394189e-02
1.910757436683746882e-02
6.370034393217174906e-02
-7.348944055653271190e-02
2.087407434842920295e-01
-2.669640260931819831e-01
-3.254820265077492669e-01
2.328547235656155678e-01
2.287203026931743099e-01
2.857577358153313707e-01
3.971127762718643095e-03
2.362129233440841969e-02
1.055790496907895587e-02
-1.611073931973094620e-01
1.064732055536181908e-02
-3.077906935716203662e-01
-2.242090746583186647e-02
-4.524400747323531480e-02
-3.717503992630998011e-02
-6.528121070489866229e-01
-8.701507373125827449e-01
-7.510430254116329252e-01
-8.239455034748003337e-01
0.000000000000000000e+00
0.000000000000000000e+00
2.335555394397072215e-02
9.355419905105843981e-02
7.415163104890802881e-01
6.389159285939691735e-01
5.280592500384551080e-01
4.184943203094848574e-01
0.000000000000000000e+00
1.050341578713629431e-01
6.832036421202936083e-02
8.352765867002991118e-02
7.276596307802021824e-02
7.427463923362079279e-02
4.626038509895482459e-02
0.000000000000000000e+00
1.801379688576785765e-01
3.039163552730402840e-01
0.000000000000000000e+00
-5.434047141202378306e-01
1.970467355541893617e-01
7.063140239557326450e-02
-6.054636592367265147e-01
-6.273963809740354947e-01
8.233410806277556560e-02
7.259749011978822164e-02
8.484408122524916829e-01
7.221640620058857873e-01
6.833628121401013056e-01
7.547756443345791100e-01
6.057258927578433871e-01
4.247636073118755684e-01
3.492457293604392388e-01
3.654888279136122020e-01
4.327802460115857675e-01
3.420532836513366926e-01
2.949359479974809073e-01
9.780375995736488581e-02
2.407849459161457151e-01
-5.152197531943805142e-01
-2.544309594785200690e-01
-3.727528957886425687e-01
-2.015810219016804516e-02
5.672134924541551160e-02
8.611352810826745918e-02
7.483001235294681197e-02
6.147041197685097769e-02
7.650356830729182489e-02
8.435894689227642351e-02
5.731507677241215459e-01
4.887131921438347404e-01
3.587329829262946301e-01
5.901160840803888474e-01
3.412471491001787816e-01
2.676892722107261924e-01
1.493173212170885167e-01
3.485562248006615627e-01
2.978472879432868536e-01
4.114366235159806484e-01
8.899459764432458841e-02
1.922705333711298981e-01
-1.852189305119950058e-02
6.280549642559180024e-02
4.800209868148096193e-02
-1.099204915211562383e-01
-2.313385496139460651e-01
6.056201223536928496e-02
4.427241857594398783e-02
4.134409295065324258e-02
1.370683393884053469e-01
-3.817450624735745091e-02
-1.275857989940798187e-01
-2.363417691512160745e-01
2.075051362609594274e-01
-2.250125543184512515e-03
7.125873404622137808e-02
1.225036697113078277e-01
2.314009161483120483e-02
-9.606378116739575090e-02
9.804715408733872140e-04
-4.489463619487121110e-02
-4.856796816719460841e-02
-1.451188086165438318e-01
-1.142874125126372986e-01
7.264770073777687687e-02
4.344138866517911063e-02
2.693116338249713221e-02
8.239447371707146403e-03
1.385531439178613010e-02
2.704204008207381285e-02
2.522420830025194974e-02
3.991808841057430807e-02
6.380312261354882664e-02
4.982710839556611648e-02
1.185437658634108798e-01
1.010405509654651035e-01
6.647445254930857764e-03
2.349919589034036443e-02
3.062717805080873712e-02
5.151901715511571223e-02
3.819271721402347358e-02
-1.296492702579784932e-02
-6.742230594817146157e-03
-2.499759465130554133e-03
-6.179204504107667709e-03
-2.008202614378627130e-03
-3.136023541908947165e-02
-3.451374943111400195e-02
-5.832685092105867330e-02
-1.442900131452701934e-02
-2.384461188163832998e-02
-2.455792305589936733e-02
3.711690681282883708e-02
2.657669787670842790e-02
5.168219608625914674e-01
5.603304168659889450e-01
5.070094751840371616e-01
4.341587122842421320e-01
3.428222047446776166e-01
3.758590817004461848e-01
4.277847331854424673e-01
2.688786306466540155e-01
3.212905731928545894e-01
2.808499686438134524e-01
7.305600152159952287e-01
1.879643008446476027e-01
-4.866716622659279512e-01
-6.065258222010517786e-01
-1.404152412420228355e-02
-2.044066463235652553e-02
-3.994609432331480692e-02
-2.853259687472667686e-02
-2.949939840445515993e-02
-3.778867451950949918e-02
-4.135414388825085774e-02
-2.489423803709083644e-02
-4.507464662782133952e-02
-4.132372916209949010e-02
-1.775576645095203188e-02
-3.011137953871229761e-02
-4.813665287136971449e-02
-6.644000462181319511e-02
-5.890740446500064564e-02
-3.553417349727845675e-02
-1.159880939896975743e-01
-7.619661465054065885e-02
-6.351535003704249227e-02
-8.772598758058108848e-02
-5.394421217919261741e-02
-7.329011128040628653e-02
5.895731950689889755e-01
1.170736805377846704e-02
1.879672445758854768e-02
7.822616296579282952e-03
-4.622214809253649692e-03
-7.995812572417644029e-04
-4.368157330073191118e-03
1.800772830491252988e-02
2.694773419941328199e-02
2.754050106418182153e-02
6.356745625046464343e-02
4.136827702808845014e-02
-4.620075347563318835e-01
-3.497266353219263824e-01
-4.650318613894159903e-01
-2.695095976814949890e-02
-2.331254763852234901e-02
-3.393013710624070284e-02
-5.357744640911429879e-02
-4.745387921023722089e-02
-8.233065269748790493e-01
-7.133176951375015395e-01
-7.371948252688640402e-01
-6.142888272105578862e-01
7.374445258236776990e-01
5.848174692810544917e-01
5.085531968112703138e-01
4.981739328637588282e-02
3.493855064959727752e-02
1.882617598652407132e-02
3.096055876225490069e-02
4.020073075682966540e-02
1.883855261790656418e-02
3.142899620282078171e-02
7.813425101907878548e-03
5.837696639778173872e-03
9.302207331035091536e-04
1.708701680140648285e-02
7.837098949368074413e-03
1.446975750215522113e-04
-3.863232708724043118e-02
-2.013310361449637681e-02
-1.325771162083302750e-02
-2.366409587049603941e-02
-1.142969806658523067e-02
2.563735874429574554e-02
-3.805025709310969756e-02
8.192578380870445265e-04
1.014631590996790435e-02
2.840324303737760958e-02
-1.955894733556684105e-04
-2.581138103118731791e-02
-9.244969981293084393e-02
3.710510236873582057e-02
-4.607795872008328686e-02
-5.006896446518987326e-02
-8.055562689040308977e-02
-5.687543329491875910e-02
7.090698658725427816e-02
-1.049584864290219882e-02
1.016032399927440863e-02
-4.646362726115062930e-02
-5.694793423110564023e-02
-6.017631560244127847e-02
-5.411544198347807005e-02
-7.963232252645441323e-02
-1.360763652929868339e-01
-1.055080074419998126e-01
-1.069311586568742062e-01
-1.010553039297934497e-01
-8.205167828133473618e-02
4.913613855795860574e-02
4.186950500771276229e-02
1.151989094006678621e-01
7.705599468097812377e-02
7.242549836415754227e-02
-8.804551263251753079e-02
-2.445597075794097436e-02
-7.337536101886180107e-02
-8.286585817578928648e-02
1.128149977565012924e-01
7.255849554903960608e-02
3.065693461134826048e-02
-9.169830574683537905e-02
-1.339203725472939976e-01
-6.459095849604884476e-02
-8.964082864641997883e-02
8.814854434135607764e-02
1.127176774192662490e-01
-1.198111108267960190e-01
-2.932170737061859378e-01
-1.237014755127806287e-01
-6.530054482661344639e-02
-5.156935470757331025e-02
-5.168806925146762765e-02
1.893952913463534393e-01
1.416315216833740065e-01
-2.142035792901773594e-01
-1.723605028051464760e-01
1.459334062032859591e-01
1.705888392427750144e-01
2.503984426520817763e-01
-1.714293736679284863e-01
-2.256708008414886335e-01
-6.387934480063806042e-01
8.730454887325851399e-01
-3.812010807285097780e-01
-3.102990760581020302e-01
-2.893256775032531092e-01
6.264180763838152199e-02
6.944823645097944476e-02
4.920855429468215525e-02
6.190151235226848403e-02
3.189672010432582083e-01
2.194748599684628043e-01
1.364861866902165877e-01
1.737295710940781890e-01
1.822229014047676288e-01
2.694730963805965218e-01
2.246271721382296638e-01
3.414651082087590273e-01
2.754810757778332619e-01
2.733805167144982562e-01
2.609784475024795047e-01
1.904482544083692108e-01
3.552278406257070031e-01
4.187046596034426083e-01
4.047640765123211026e-01
3.966059309494635587e-01
3.377500441992465907e-01
2.844162447118513404e-01
3.307181711660882040e-01
2.901479702755467294e-01
2.690211109144722834e-01
2.246327815945520501e-01
1.603750986921282373e-01
2.510829395403753606e-01
1.966744896999408077e-01
2.346103910131416004e-01
1.963005537599802619e-01
1.950502915724449948e-01
2.246956341419177050e-01
1.804737455931651746e-01
2.201220052357897028e-01
1.940760233432222981e-01
1.390737175391215386e-01
1.677160071025671217e-01
1.464755356937549324e-01
1.514887191792953780e-01
1.138235806475809964e-01
1.321913889019852850e-01
1.501733843649598887e-01
1.540487055697895569e-01
-7.006759010967214540e-02
-2.247468081366406079e-01
3.568443271134492945e-02
-1.678717268803051610e-01
-1.284425902955534382e-01
-1.773096928020760910e-01
-2.617419869094012586e-01
-2.083896989948942902e-01
-2.057563299605705831e-01
2.325236769503786355e-02
1.730047579855758730e-02
8.902681089500288220e-03
3.884843988157929418e-03
7.048673270997439511e-02
9.625561329275282574e-02
7.919265188219390406e-02
8.684069223483072142e-02
7.742380834644586873e-02
1.004559722755584278e-01
9.129296146281187796e-02
8.272834467137721304e-02
7.031844030512320043e-02
7.614819094684777134e-02
1.126932682452446294e-01
1.473279783293711953e-01
9.765538091705429358e-02
1.219671284072813555e-01
1.123782543389133248e-01
1.206605593966685597e-01
3.509957030503429304e-02
2.691399103507214480e-02
3.902137953077500221e-02
3.186970745055991289e-02
3.275736380559715610e-01
2.191330864189808270e-01
2.793801881057264569e-01
-5.459912721060286023e-01
-5.689475989896624064e-01
-6.697667435708664074e-01
-9.414031573371489658e-02
-1.005985976711176316e-01
-9.272833378972819562e-02
-4.626045894949484122e-02
-4.909354729471198525e-02
-6.910773714655224498e-02
-5.183882940798511391e-02
-7.015852723529189539e-02
-5.787579197235857148e-02
-7.127011715356017241e-02
-8.328597919248913184e-02
-9.019152029490287714e-02
-4.121231824058659010e-02
-1.345329302361298641e-02
-1.512062239896960932e-02
-4.555234423092455187e-03
-1.315352435308059882e-04
1.074135280227910168e-02
-4.360698483788700598e-03
1.736810286595629263e-02
1.369008622482351459e-02
9.770568985334630169e-03
6.554313345563668458e-02
4.162974992102735916e-02
5.501920048821923315e-02
5.022038671720475966e-02
-3.610478718840357676e-02
-1.806579431128494534e-02
-2.382628659049454076e-02
-2.898537623803578919e-02
-3.040408489893361293e-02
-3.728529665452192110e-01
-7.078035683295375025e-01
4.288937649213504510e-01
5.139535013985276901e-01
2.363478367283072118e-02
-1.188090424893497865e-01
-1.067999202968123590e-01
-1.547981055905926218e-01
-1.310445302306097737e-01
-1.594592456408655545e-01
-7.630424508086787461e-02
-9.626935600156874551e-02
-1.028340651671831862e-01
-8.361039388180711851e-02
9.361385048324502578e-02
7.029242603813105894e-02
9.124191729100647463e-02
5.266221412846024824e-02
1.588760131769401951e-01
9.660980563451691816e-02
2.372280162594718744e-01
2.104262806245018325e-01
1.763186494861568865e-01
2.453689087030948568e-01
1.816320621309709116e-01
2.908251344279907391e-01
2.974674115923577333e-01
3.786818254878945300e-01
2.411234102694259918e-01
1.980259721745171730e-01
-2.507352836247530581e-01
-3.026929126202857478e-01
-2.509088802560443532e-01
-3.690071764465751025e-01
-4.072593390621225828e-01
-3.154689551980716655e-01
-2.994866787879774117e-01
-3.442762485793966487e-01
-3.875231383718165112e-01
-3.459356291627850299e-01
-4.661779742037328034e-01
1.087811272867406087e-01
3.135118741314755764e-01
2.298113136976144555e-01
1.338192796512142069e-01
1.065715318611390877e-01
1.251949315658497375e-01
-2.319428848816077748e-01
-2.068598791012501645e-03
-5.853251969222480339e-03
-6.246782973146444706e-02
-2.211716840109366131e-02
-7.728039247615033080e-02
-1.574442049810971800e-01
2.709734759843316840e-02
4.829596402843972652e-02
-1.570800381740894147e-01
1.365810213865550626e-01
1.876699605848959618e-01
1.475978390924693184e-01
1.561402794730723242e-01
1.833767281937813409e-01
1.005315311778603726e-01
4.483763902128896223e-02
4.885784339626260409e-02
1.981980977504800290e-01
1.771905826741637102e-01
-1.276645021286931525e-01
-6.574253977900690327e-02
-1.582965520758675831e-02
-2.909778352049331024e-02
-3.982834700406927275e-02
-2.532146419854100841e-02
1.478389503242383100e-02
2.982688146896845388e-02
2.843624574490263499e-02
-3.369662529560594859e-03
-1.105766778689127802e-02
1.035981406739795328e-03
6.472636329655533094e-02
-4.204327410529280773e-02
-4.465875685487978863e-01
-4.837927162957934013e-01
5.278324992143952343e-01
3.698499024946496627e-01
5.565831662094207211e-01
5.842396549837953756e-01
4.657077589093390757e-01
9.235187986956934492e-02
1.272620630348952064e-01
1.436462951684088774e-01
1.742395424049656694e-01
1.452782336806991426e-01
1.467021643855152269e-01
1.214056124382806995e-01
1.381260431659852572e-01
1.194353425880281261e-01
2.110916301766934122e-01
-4.231573851144356802e-01
-5.167424978879021635e-01
1.704384612221330197e-01
1.939645560263963120e-01
9.502848026139806836e-02
1.536245893309865773e-01
1.394409767962041524e-01
1.380421554224229574e-01
8.808456805363600040e-02
1.220155463463484663e-01
1.527358138371143481e-01
1.519290142920230735e-01
1.120467328240200289e-01
1.686356660130713392e-01
2.836308791994928205e-02
7.166010032936966090e-02
7.975645006497150691e-02
1.174374157685446757e-01
6.035216531754922925e-02
6.074279362336106047e-02
3.128235827823305781e-02
9.826502700726849615e-02
9.342464791638660504e-02
9.024041236630027385e-02
-3.531544741472730786e-01
-2.654395349209017763e-01
-1.946314458154014548e-01
-2.923826941003155877e-01
-1.165996025159073482e-02
-1.337090211940235862e-01
-1.654357246629905021e-01
-1.433570040984671889e-01
-1.232966313934503871e-01
-1.891966087138432784e-01
-2.030338011513577734e-01
-1.627741183467754371e-01
-7.911030415500719393e-02
-1.198754063291334049e-01
-2.550351172456553628e-01
-1.082401187849893476e-01
-2.201467104885878046e-01
-1.057318545235848284e-01
-1.695027952871931698e-01
-3.238426326876782668e-01
-5.321127229842683576e-02
-2.070196707573199457e-01
-1.718293322327427430e-01
-2.101128676554707975e-01
-1.384025723800382524e-01
-2.240003431176538773e-01
-2.693786108151839387e-01
-2.582500863429286198e-01
-2.857471236811610082e-01
-3.146789787122613591e-01
-8.074232276368049910e-02
-6.071703336681054386e-02
-6.901686144357055408e-02
-2.202570753341374574e-02
-4.905168846218527223e-02
-5.484711285919967316e-02
-2.262640684379872008e-02
-9.454689969881446832e-02
1.994427709868104928e-02
-1.748060676767311528e-01
-2.779608171284875251e-01
-3.834441706429186358e-01
-7.815455284708711092e-02
-1.042882111851907434e-01
-1.742281281637869314e-02
-8.991715284499482430e-02
-3.191592817084736300e-01
-3.312205656579261248e-01
-2.695034420562699706e-01
-2.413164789702236801e-01
-4.209388218427163042e-01
-4.294812376784344354e-01
-3.713355817713542284e-01
-5.213122453198301143e-01
-4.032603629316007798e-01
-8.963682886060669874e-02
-1.336224573673506499e-01
-1.443381986648754056e-01
-2.006940439617773200e-02
-5.620601650016100043e-02
-4.764891841032418141e-01
-4.038389874837535753e-01
-1.259915379403316604e-01
1.647685066635429241e-01
-1.080546274906316606e-01
-1.519664234744206033e-01
3.128642595694212936e-02
1.129616778202129947e-02
-9.672540347274204489e-03
2.371283317725506046e-02
9.541589651380700740e-03
-8.570159697701545129e-04
-7.134449008260954485e-05
2.501956845882962605e-02
-1.399964090229278112e-03
4.752128587558174244e-02
5.240540683219600121e-02
4.193912868283334282e-03
-5.223012393009306420e-01
-4.489966549013368335e-01
-3.939718480948078971e-01
-5.693482479107966343e-01
5.938760126525106653e-01
5.751565761906777263e-01
3.298297193585174036e-01
4.024786984436900528e-01
4.596060476672917949e-01
4.658056874665920666e-01
5.121876767791030405e-01
1.651485775872508222e-01
1.614698305688961333e-01
1.645905622478020525e-01
1.252060396365082262e-01
3.895459014923376151e-02
8.584432703434051459e-02
8.122599325614236754e-02
8.996707345853673099e-02
1.037191098627854441e-01
7.941413360489042728e-02
-3.899558220926744312e-01
6.024466028524810141e-03
4.535893093757908251e-02
-1.919672598298161059e-01
-3.348611824741788978e-01
-1.058668051923575826e-01
-1.485630289617894118e-01
-1.306854951323647707e-01
-1.351846480007763973e-01
-1.975447878956186065e-01
-1.667516852606053257e-01
-1.471328547228881733e-01
-1.472721191807880303e-01
-1.762975975835164022e-01
-2.896846717792373946e-02
-2.737440050503810868e-02
-4.593073452122308636e-02
6.626779604354827991e-02
4.746935099338441683e-02
4.204151919489469980e-01
1.391212758669506666e-01
1.116747100372333518e-01
1.059082599865105168e-01
1.194370039753075846e-01
-1.698824510120105213e-01
-2.038818177454739811e-01
-2.397242464360151148e-01
-2.275998070725428202e-01
-2.652825144449436068e-01
-2.749096074533675660e-01
-2.956043753180528921e-01
-1.729831079925018417e-02
-1.370218478038191454e-02
-1.815858691343550171e-02
-1.881202060056892666e-01
-3.102210662615902947e-01
-2.185553343424771200e-01
-1.850982436904162476e-01
-1.574638915118892202e-01
-1.273141178408545293e-01
-1.895151990535445530e-01
-2.609477818181817343e-01
1.671563022867961906e-03
1.243095637111905766e-01
1.161944896143953833e-02
8.631709591704168627e-01
5.807011080388458923e-01
5.081933229018444909e-01
6.137417438801079372e-01
5.576182807570762012e-01
5.274970942055377809e-02
2.861556034905604617e-01
1.140968525605438599e-01
1.141675372965569590e-01
1.144368205938228883e-01
3.624340474138145196e-01
2.330588688385694662e-01
2.249804252980159569e-01
1.814261503748965665e-01
2.461212695380461946e-01
2.176226538363917329e-01
2.964500072224813265e-01
4.699513779614108433e-01
4.922485732891765942e-01
5.412847136935585723e-01
4.371342488540883586e-01
4.153499945335223376e-01
6.752144438935981929e-01
2.773252759684893820e-01
3.178365697710094362e-01
2.552692617913472350e-01
2.452863537658591109e-01
3.331184470670728870e-01
3.514873671638307773e-01
