0.000000000000000000e+00
0.000000000000000000e+00
0.000000000000000000e+00
0.000000000000000000e+00
0.000000000000000000e+00
0.000000000000000000e+00
0.000000000000000000e+00
0.000000000000000000e+00
0.000000000000000000e+00
0.000000000000000000e+00
0.000000000000000000e+00
0.000000000000000000e+00
0.000000000000000000e+00
0.000000000000000000e+00
0.000000000000000000e+00
0.000000000000000000e+00
0.000000000000000000e+00
0.000000000000000000e+00
0.000000000000000000e+00
0.000000000000000000e+00
2.000255522346184311e-01
3.919663440579709834e-01
5.680643900641716426e-01
7.212027397818133734e-01
8.451902339625592120e-01
9.350162899310804354e-01
9.870502608371053421e-01
9.991890044404438953e-01
9.709418892561161307e-01
9.034506252107961100e-01
7.994425165402504474e-01
6.631224587855694130e-01
4.999998943375310034e-01
3.166680150983717246e-01
1.205368459515985813e-01
-8.046625835226543788e-02
-2.782170260786204219e-01
-4.647235259641218086e-01
-6.324455733080063258e-01
-7.746050318914132760e-01
-8.854560100019983615e-01
-9.605180620698503535e-01
-9.967572821756159884e-01
-9.927089303959547584e-01
-9.485363189285581642e-01
-8.660252817759073185e-01
-7.485106821531738452e-01
-6.007423001367615534e-01
-4.286927324855175359e-01
-2.393159884136778770e-01
-4.026641800892831469e-02
1.604116532241445237e-01
3.546051047057257599e-01
5.344659007833867381e-01
6.927243130278224470e-01
8.229837519444924698e-01
9.199793084096266060e-01
9.797905541268531193e-01
9.999999999999330536e-01
8.469783003752401340e-01
7.171651313836988617e-01
6.070037035009809845e-01
5.134753760177250825e-01
4.340172880283873491e-01
3.664521309803954741e-01
3.089284861192955756e-01
2.598700919580501645e-01
2.179326515989402080e-01
1.819669963433790671e-01
1.509875961997902416e-01
1.241455544152685886e-01
1.007053460278518608e-01
8.002466302979067969e-02
6.153681385948133603e-02
4.473519493337691638e-02
2.915940870717982636e-02
1.438264787377372192e-02
0.000000000000000000e+00
0.000000000000000000e+00
0.000000000000000000e+00
0.000000000000000000e+00
0.000000000000000000e+00
0.000000000000000000e+00
0.000000000000000000e+00
0.000000000000000000e+00
0.000000000000000000e+00
0.000000000000000000e+00
0.000000000000000000e+00
0.000000000000000000e+00
0.000000000000000000e+00
0.000000000000000000e+00
0.000000000000000000e+00
0.000000000000000000e+00
0.000000000000000000e+00
0.000000000000000000e+00
0.000000000000000000e+00
0.000000000000000000e+00
0.000000000000000000e+00
0.000000000000000000e+00
0.000000000000000000e+00
0.000000000000000000e+00
0.000000000000000000e+00
0.000000000000000000e+00
0.000000000000000000e+00
0.000000000000000000e+00
0.000000000000000000e+00
0.000000000000000000e+00
0.000000000000000000e+00
0.000000000000000000e+00
0.000000000000000000e+00
0.000000000000000000e+00
0.000000000000000000e+00
0.000000000000000000e+00
0.000000000000000000e+00
0.000000000000000000e+00
0.000000000000000000e+00
5.302508456557801161e-03
4.844627893279287306e-02
1.454401682082046010e-01
1.814659469592892760e-01
2.102404065531062946e-02
1.010022491085216662e-01
3.586315092987831243e-01
7.583748856643116598e-01
1.763476334357530484e-02
5.499089617484965303e-02
2.216944768025241180e-02
1.576563188801442805e-01
7.034732027021690925e-02
4.960140142291268733e-02
8.696535842267268113e-02
1.324281146623929872e-01
3.252234913768796698e-01
4.562504963347698839e-01
1.881083199958638597e-01
3.663494715637507365e-02
-1.851174768588908712e-02
-4.945960427773188339e-02
4.436406862942544188e-02
5.223291864962995579e-01
1.251771955671437432e-02
4.695454586925361662e-01
2.281606057312852986e-02
2.664129980597460326e-02
1.522405301747015334e-02
2.404596950439040204e-01
3.501759784380130414e-02
-1.478074447589765479e-02
-4.873498661041694713e-01
7.458081239850795126e-04
-2.558071832852530994e-02
-3.938415064568847601e-01
-3.402818630060304439e-02
2.056700563761229214e-02
6.604391110093148498e-01
6.958236173744499764e-01
4.272908804429473295e-01
-1.695542788185142036e-02
1.409699074134998422e-03
1.201211962612062922e-02
3.025700169859870114e-01
3.176710901366920914e-01
4.903739021835296641e-01
-1.058554509054569492e-01
3.467093362461668576e-02
-6.497825622669849421e-01
-3.647457389567360653e-01
-5.819682870745049863e-01
-2.927397837761014018e-02
-5.267132792552512432e-01
-6.036647824149271591e-01
-8.360410321271145861e-02
6.388422112519152041e-01
-1.398964194781468669e-02
-1.349614930086997233e-01
-7.754432001595992219e-01
4.086135133357078619e-02
-2.465271937802832602e-01
1.258785020026252366e-01
2.284473947780056302e-01
4.580755042860180093e-01
2.852589181768140983e-02
5.039263020658417414e-02
6.408231200571445907e-01
5.359724518146269379e-01
3.772809980583707867e-01
7.940628882792616361e-02
3.430107519229062818e-02
7.067429185359248855e-02
-4.866473114274501577e-01
-6.456709248135746870e-01
-5.317064525016578225e-01
-2.313744892436302991e-01
-6.563635587420245665e-01
-3.507595085663725576e-01
-2.030930065560648534e-01
5.825970677989276147e-01
6.369607623113835437e-01
5.868225670530816673e-01
7.814283178566057766e-03
3.035684705945170675e-02
1.289445510977131788e-02
8.921129290122081779e-02
1.516297018280485798e-01
2.766930267010000999e-01
3.296125666590799530e-01
3.386722840500010490e-01
5.463420450303903969e-02
3.858799559217562097e-02
6.602415944748540877e-02
1.667207354001709885e-01
2.492689881744971636e-01
1.442349025212678361e-02
1.831344963911331336e-02
1.876009032831066001e-02
-7.559091360859715794e-03
2.496568634921680213e-02
-2.423760393289072640e-02
-4.854343656518570610e-02
-2.354132813716039961e-03
4.516452249581428234e-03
3.138393656277303767e-02
-5.333878462185197983e-02
-6.743848563255703567e-03
-3.590190547627023637e-02
1.044546790732615582e-01
-1.156959077941167868e-01
1.022734110160430643e-01
3.177206070735783677e-02
4.850446175095680934e-02
8.520121596148282073e-02
2.508371290029501322e-02
-8.088175401990332913e-01
2.260925212078757074e-01
2.695795459218299980e-02
1.065165574877780484e-02
5.670809563244614410e-02
-2.925395658791805908e-02
-2.514449538597055694e-02
-4.245984780286353455e-02
3.691075010707804693e-02
2.208636961473186763e-02
5.620000637534918603e-02
-3.318322616624178045e-02
-1.813162990290205501e-01
-5.180207691792890895e-02
-9.544456817190209719e-02
-1.125007591331398521e-01
-6.791653360361291081e-02
-7.789658878687717725e-02
-5.406021981463787068e-02
-8.929229241496999814e-02
-1.376630612938767595e-01
-9.114427209802475338e-02
-2.447722042108278068e-02
1.601791093556168555e-01
2.403305699911454929e-01
3.295365076521857839e-01
2.145701969402878384e-01
7.100423366848396256e-02
2.986610609789834558e-02
7.337918517640558413e-02
2.095402562654583578e-01
2.944190737843180392e-03
1.057802399222604328e-02
-7.921078116555561443e-04
1.169727853092421450e-02
-1.164080844818385363e-02
4.822038071443748852e-02
3.386869234854369276e-02
-1.712342650372216876e-02
-4.387185532385416004e-02
-9.389900250830923722e-02
-6.686811544662352169e-02
-6.765957669426474197e-02
-8.572863966897761867e-02
1.596815551483936682e-02
3.840321160594118571e-02
4.246140324520498999e-02
6.762146270009937454e-02
-3.575381433450773583e-02
-9.934084286649962070e-02
-2.030245573294230943e-01
-1.628442083559415443e-01
-6.692857483002395691e-02
2.213578492166600187e-01
3.360527503967959961e-01
2.803752888660693277e-01
4.767468843015201796e-02
1.199658532185287479e-01
1.524890281600640995e-01
-8.320294338746939133e-03
-2.528005847253609467e-02
-2.783411987908056273e-02
-5.480664978777032015e-02
-2.939754615571475369e-02
-4.621338216991133230e-02
-9.461504057008339463e-02
-1.305728953227202338e-01
-1.130254861703230140e-01
-1.473612357911344428e-01
-1.218135715864498009e-01
9.183364982867073603e-03
2.998858350672602494e-02
-1.335210315291555580e-02
5.144223601343737851e-02
-5.440629740800457387e-02
-3.742607372856656539e-02
-6.079932123450093595e-02
-1.744576088614858966e-02
-1.089820808018174131e-01
-1.510745466258928693e-01
-2.995286892932223499e-01
1.400697871998699551e-01
1.220229403714235272e-01
9.751931270069560953e-02
3.023327079489139535e-02
7.543936560685055026e-02
1.543609734945614875e-01
3.549377062610920616e-03
1.180960062865023946e-01
1.095011664625872017e-01
1.438127031894314012e-01
-1.126452040447488978e-01
-1.710034462524198662e-01
-1.250520127515440671e-01
2.818987928862606504e-02
5.819272334348254971e-02
-2.967289877619017427e-02
-2.246172688306778964e-01
-2.204162619053847694e-01
-2.824288652263980404e-01
-2.413557566001158505e-01
-3.179333332237094800e-01
-2.015770017900694044e-01
-4.220046470947576567e-01
-5.051400772023024732e-01
-4.254567727707716518e-01
1.778487603429240449e-01
2.763694307064581968e-01
2.334482920080246382e-01
3.758115418796010854e-01
3.177007181468097796e-01
1.035348961788687960e-01
8.115707504706783093e-02
8.566901070744782631e-02
5.630718892724578123e-02
-9.647882813519688405e-02
7.694778054410919554e-03
7.763945811557688981e-02
1.174722551138996096e-01
-1.796980275840986963e-01
-1.827028772226652886e-01
-2.326650454365814247e-01
-2.512961236500365625e-01
-3.467470368669501313e-01
-2.142659591351018245e-01
-2.251843632336997525e-01
-3.249474331305869379e-01
-1.405405043998167736e-01
-3.736951101596109881e-01
-1.686680267611443407e-01
-3.942019545157990357e-01
-5.373761252602040628e-01
2.744703326972027790e-01
4.552338492157936289e-01
1.432015006126481915e-01
-5.891949251115106978e-02
8.029486257944679073e-02
7.755351133917078033e-02
1.416264166650076928e-01
-1.659224999288384794e-01
-1.031226189260776444e-01
2.408129086680918796e-01
3.884978645637310879e-01
3.576969995516188217e-01
3.148275653999441093e-01
4.160725983253760751e-01
2.231728825658632620e-01
1.592365045650501465e-01
1.643804737056117626e-01
1.178574436026551542e-01
2.035083565853602616e-01
2.999748605180979077e-01
1.454699330610605967e-01
3.908891293035227088e-01
3.165213463072722999e-01
2.153725401250130289e-01
1.639877432173879879e-01
9.940292083927711186e-02
3.146274548749856681e-01
3.952867381818374604e-01
4.990835428204967728e-01
1.200439073299966602e-01
2.004745822289019375e-01
1.965612381921739427e-01
5.855589629458021750e-02
1.510532557111306795e-01
1.256252908543428193e-01
-1.211020553515085134e-02
-8.718263085897087761e-02
9.457749070729803628e-03
7.805834804217702538e-02
4.912952716721356167e-02
2.088111449126934388e-02
7.889696942700649140e-01
6.748575775567421386e-01
-2.114560129817910361e-01
4.617928231710138887e-01
1.748541867148557458e-02
-1.628262266412774549e-03
-1.857195641464321617e-02
-5.991740167805988809e-02
-2.836414016265553228e-01
-2.925223624844331960e-01
-4.112264685415693566e-01
-3.109450400739821041e-01
-3.955120397493454565e-01
-1.656368172499882441e-01
-2.455663053007512975e-01
-1.520185735368993762e-01
-4.982298804840357143e-02
2.451646800457886466e-02
-1.320499899417324763e-01
1.687385176380863938e-01
2.163959432515907555e-01
1.290403296585431181e-01
1.839547389501306959e-02
7.418816322455929098e-04
-1.528144849659241779e-03
5.262539068653501045e-02
5.819730129204912089e-02
5.000848848712060452e-02
6.403360220590355312e-02
8.152816005604685001e-02
1.018702991916924511e-01
5.548587850079819694e-02
-6.281598328061498149e-02
-8.905030116134875218e-02
1.676736588189200461e-01
6.758922972506381521e-02
8.745436539110144902e-02
5.161857016911860496e-01
6.289032741410328642e-01
-6.411447020820465470e-02
-7.506866755862576235e-02
-1.095617695919461412e-02
-6.383832978561282401e-02
