0.000000000000000000e+00
0.000000000000000000e+00
0.000000000000000000e+00
0.000000000000000000e+00
0.000000000000000000e+00
0.000000000000000000e+00
0.000000000000000000e+00
0.000000000000000000e+00
0.000000000000000000e+00
0.000000000000000000e+00
0.000000000000000000e+00
0.000000000000000000e+00
0.000000000000000000e+00
0.000000000000000000e+00
0.000000000000000000e+00
0.000000000000000000e+00
0.000000000000000000e+00
0.000000000000000000e+00
0.000000000000000000e+00
0.000000000000000000e+00
2.000255522346184311e-01
3.919663440579714275e-01
5.680643900641716426e-01
7.212027397818133734e-01
8.451902339625588789e-01
9.350162899310814346e-01
9.870502608371053421e-01
9.991890044404438953e-01
9.709418892561161307e-01
9.034506252107961100e-01
7.994425165402504474e-01
6.631224587855694130e-01
4.999998943375313920e-01
3.166680150983717246e-01
1.205368459515985397e-01
-8.046625835226543788e-02
-2.782170260786203664e-01
-4.647235259641218086e-01
-6.324455733080063258e-01
-7.746050318914138311e-01
-8.854560100019983615e-01
-9.605180620698504645e-01
-9.967572821756159884e-01
-9.927089303959546474e-01
-9.485363189285581642e-01
-8.660252817759073185e-01
-7.485106821531738452e-01
-6.007423001367615534e-01
-4.286927324855175359e-01
-2.393159884136778770e-01
-4.026641800892831469e-02
1.604116532241445237e-01
3.546051047057257599e-01
5.344659007833867381e-01
6.927243130278224470e-01
8.229837519444924698e-01
9.199793084096266060e-01
9.797905541268531193e-01
9.999999999999330536e-01
8.469783003752401340e-01
7.171651313836988617e-01
6.070037035009809845e-01
5.134753760177250825e-01
4.340172880283873491e-01
3.664521309803954741e-01
3.089284861192955756e-01
2.598700919580501645e-01
2.179326515989402080e-01
1.819669963433790671e-01
1.509875961997902416e-01
1.241455544152685886e-01
1.007053460278518608e-01
8.002466302979067969e-02
6.153681385948133603e-02
4.473519493337691638e-02
2.915940870717982636e-02
1.438264787377372192e-02
0.000000000000000000e+00
0.000000000000000000e+00
-1.027764863964533777e-17
0.000000000000000000e+00
0.000000000000000000e+00
0.000000000000000000e+00
0.000000000000000000e+00
0.000000000000000000e+00
-6.684848815646528884e-19
0.000000000000000000e+00
-1.209407090471063293e-18
0.000000000000000000e+00
0.000000000000000000e+00
0.000000000000000000e+00
0.000000000000000000e+00
0.000000000000000000e+00
0.000000000000000000e+00
0.000000000000000000e+00
0.000000000000000000e+00
0.000000000000000000e+00
0.000000000000000000e+00
0.000000000000000000e+00
0.000000000000000000e+00
0.000000000000000000e+00
0.000000000000000000e+00
0.000000000000000000e+00
0.000000000000000000e+00
0.000000000000000000e+00
0.000000000000000000e+00
0.000000000000000000e+00
0.000000000000000000e+00
0.000000000000000000e+00
0.000000000000000000e+00
0.000000000000000000e+00
-9.726587419900055398e-18
0.000000000000000000e+00
7.037393931337180740e-18
-4.530584655282805896e-18
0.000000000000000000e+00
5.057401039559061319e-03
4.815143724122074309e-02
1.451379348038113193e-01
1.835463202286336248e-01
2.104108073684603231e-02
1.009502752451969382e-01
3.594950909162717423e-01
7.575475027320845989e-01
1.739651339446750614e-02
5.526007742211241219e-02
2.425448591053785616e-02
1.558105191790944422e-01
7.222271870901972313e-02
4.977407690960364284e-02
8.699247201653394213e-02
1.322837997010242739e-01
3.261248174539277400e-01
4.579972013392193952e-01
7.483404884321599726e-02
1.884488021123114088e-01
3.625082748238184910e-02
-1.876167217694942740e-02
-4.942501891864081037e-02
4.422951924550758140e-02
5.197812137997313009e-01
1.279434645933188661e-02
4.672815250322837066e-01
2.298638813048891477e-02
2.701545649166139582e-02
1.531230530191329473e-02
2.383808347640406222e-01
3.444667139179771048e-02
-1.456709770575925419e-02
-4.833868993714500184e-01
4.579159505090977362e-04
-2.565821808448756278e-02
-3.933465281820027193e-01
-3.412346639794238551e-02
2.059350854931583236e-02
6.609874236088214561e-01
6.877745057892318270e-01
4.297135476398626919e-01
-1.654797096955194086e-02
1.280343843220249026e-03
1.162512411540643845e-02
6.043490030632678867e-01
2.985584639008829200e-01
9.950337407973033899e-03
1.238851126870910320e-02
1.286508259976293020e-02
6.769799837744057240e-03
3.154385804485820288e-01
4.865940168506133201e-01
-1.042202923727470754e-01
1.598826110965132982e-02
3.464889392841432464e-02
-6.601544196773797765e-03
-6.347432145827576651e-03
-6.406333941094942697e-01
-3.648715928515248175e-01
-5.803239481499038455e-01
5.462879143196842100e-04
-1.750321911107276945e-02
-1.125438829460546214e-02
-2.916569566357341339e-02
-5.199307122066360032e-01
-6.035818145780612598e-01
-8.226394512804215131e-02
-1.558862109191025240e-02
6.354768008126705503e-01
8.234492134192226143e-01
5.333402762370662575e-01
-1.334945695546544027e-02
6.581655422845767789e-04
4.784502865774858428e-03
5.119592605581760152e-03
1.153431097953252181e-02
3.697640655085717154e-01
6.057738916580367450e-01
-1.389313321922817368e-01
1.584985804434693030e-02
-4.540223532170911680e-01
-7.681110898648311203e-01
-1.338041099688225787e-02
-1.728031482752652101e-02
-7.509089081051039116e-01
4.336581736701378836e-02
-2.490261657289581931e-01
7.871321517619597197e-01
-5.972844733697089785e-03
-1.257656131850044129e-02
2.489743535183763790e-02
2.430657336864137236e-02
5.257002391587894952e-02
-1.128455616497290315e-01
2.027742296474625838e-01
-2.941981165543365306e-01
-4.118052707210254626e-01
7.418754841800253574e-01
6.418213197343984877e-01
2.632628144011355670e-02
4.345216632682775276e-02
2.688307071847166260e-02
1.268884373798593590e-01
7.739126973935678278e-02
9.467534083309954440e-02
4.635329664606926969e-02
1.495319162051902684e-01
2.270190624156838768e-02
2.359441985026292099e-02
3.083020068300010644e-02
1.310821697775153664e-02
-1.332652361525363260e-02
-7.201297474013960628e-03
-2.812144693220996160e-03
8.012376617943366489e-03
2.757851936554863576e-03
5.567830225029522101e-03
-3.291049005387430837e-02
-3.591926261732994452e-02
-1.508626399727747841e-02
-2.102104071679545758e-02
-1.059975265011215730e-02
-9.810407964793401575e-03
7.155527607583213046e-01
8.457214559474195426e-01
3.426445013854819699e-01
4.225712393378479592e-01
5.752976498943160877e-01
6.889427499269713540e-01
9.892467842223952312e-03
4.532428098367860536e-01
4.404975980444074124e-01
5.121455681882497446e-01
-2.851984479326016286e-01
-3.271733362505561682e-01
-5.149028591626658713e-01
-6.186643873557131634e-01
-7.173915179724873470e-01
-8.536554315907173285e-01
-6.059603286062251737e-01
-7.105113252630781417e-01
4.431581407615231560e-02
-1.310081647497134405e-01
-3.168747047451110910e-01
1.316703207976964267e-02
3.337982006449111833e-02
4.315322580807359060e-02
3.841619237700621969e-02
6.503282770370952259e-02
6.328731566315745627e-02
-6.723980146588796718e-03
3.641754471152823872e-03
-6.780744692029637422e-02
-2.334130771421600095e-02
6.208809881794747909e-01
5.370551149521700651e-01
1.865557638649649741e-01
4.623895429575374805e-01
5.699804882210871559e-01
3.533232486068152989e-01
3.245146036695082392e-01
-1.762034027621772192e-01
-2.249808250168069124e-01
-4.142596263084945551e-01
-5.236375065597018708e-01
-6.643714793301113142e-01
-5.343403414106778770e-01
-4.875898200857569087e-01
-4.938590588486828636e-01
3.335877479398607209e-02
1.129863196514054036e-01
-1.598165211268446906e-01
7.468061727667840710e-02
4.571812918720396385e-02
5.881643604776853884e-02
-4.628422274192768408e-03
1.078569712300862966e-02
-4.917140736487280589e-02
-5.203856528286888994e-02
2.967956454150511014e-01
4.500433673523610567e-01
2.976767521573751019e-01
1.814247311851084621e-01
-2.357653854957516282e-01
7.388429946199069620e-02
-2.490950175553023893e-01
5.545094401824308267e-02
4.382588672103071570e-02
4.058010779859620998e-01
5.323578340069359260e-01
2.349686216760335511e-01
-3.313807898603959301e-01
-5.301494674277149044e-02
-2.943146506525550765e-01
5.653255113854931124e-02
-3.109210986924496045e-01
7.275837418930720946e-02
1.001985822723127501e-01
4.798252365205018521e-01
3.973159681319841097e-01
5.561061519219592242e-01
2.705852400184977080e-01
3.686050286953806987e-01
-3.969212660035371654e-01
-1.002490387091937718e-01
-4.122528809544061534e-01
-3.778215480301445051e-01
-4.405597333242670666e-01
-2.846618840609951850e-01
9.254478378335879996e-02
1.016453149874081557e-01
4.525085828229619134e-01
6.385672946928900862e-01
3.969442269918967425e-01
5.046323329720543427e-01
-1.354600288314087853e-01
-4.932942846549725480e-01
-4.164923081894537082e-01
9.410908269559581374e-02
7.797934008066700895e-02
1.709988536910651280e-01
1.288729815102827581e-01
4.494723153112373804e-01
-3.247827955963053514e-01
-3.580289695295315600e-01
-2.320044206065480785e-01
-2.842879406048964830e-01
-2.808356724724588860e-01
-1.931245212283379253e-01
-1.893352933106761671e-01
-2.450114059948400314e-01
-2.299465979916439362e-01
-1.613327731916727459e-01
-2.240292352697516309e-01
1.450180087862990574e-01
2.488519395708710946e-01
-2.404164017213358262e-01
-1.575699405989494928e-01
2.161854767826944523e-01
3.425808579800514453e-01
-1.653283142397995176e-01
-1.921472641491457078e-01
-1.853651597840164367e-01
1.843742405847164645e-01
4.059161331274466211e-01
-2.184342880103811446e-01
2.506611493621112019e-01
1.449983133004509317e-01
-2.469876499739882547e-01
2.247600012869180042e-01
2.969917587115736834e-01
1.382510371753905842e-01
1.755464738904763677e-01
1.886505571044340968e-01
1.075207680737682442e-01
3.835406888670532810e-01
2.289288610598065599e-01
1.358689136517533258e-01
4.586704474874530590e-01
2.866532307808417404e-02
5.045804400743431062e-02
1.380630361062442149e-02
3.637598199935590526e-02
3.226355432813419327e-02
6.209229093620383111e-01
7.429454487614847169e-01
1.255444859613047588e-02
7.602838970457174474e-03
4.868820473915274477e-03
8.199497614964522396e-02
-6.408488573015157508e-01
1.434722321424132703e-02
1.231814323888140265e-02
8.165441318146970939e-02
1.053491398390200978e-01
9.764139421771506067e-02
2.750013091790671216e-01
3.459404059853348201e-01
2.024299936525918164e-01
2.592608840517536817e-01
-1.294166248629725069e-01
4.153090645775711631e-02
3.530959064385345569e-01
-3.457240273926439067e-01
-3.640296112583752408e-01
-3.779947944292602613e-01
-4.868049549779886465e-01
-4.989065470576480726e-02
3.572880342087401684e-01
3.435028137308923646e-01
2.941873179670456695e-01
2.998494802668833503e-01
2.689025280822576747e-01
3.553507666372122675e-01
-9.691960466652332906e-02
2.913847315831137319e-01
2.669980365405411615e-01
2.415550001937403768e-01
2.241948016772312424e-01
1.241011115172440393e-01
1.546974738363453561e-01
1.693238845449385743e-01
2.022253100051141783e-01
6.456807732271514777e-02
4.257312481585597830e-01
8.619335608422594094e-03
1.173632854206083445e-02
5.027004448070046538e-02
2.802508223441685722e-02
5.166784597188931460e-01
5.666318363061961794e-01
5.375548006776539323e-01
2.128133297942786870e-02
1.986867480274400743e-01
-4.206611931184778969e-02
-5.963860370891417295e-01
-5.128471686876456825e-01
-6.630612362209837851e-01
3.186150105995500526e-01
4.075781124905769603e-01
-1.929821220863497389e-01
-1.801862882756219419e-01
1.527512344510186491e-02
-1.158900081584450098e-01
-1.470123762206820145e-02
2.873281840224164996e-01
-7.559685151737514930e-02
3.525866424157221846e-01
2.451198739524270143e-01
2.869497160036520444e-01
3.692530804733142880e-01
1.634068226959425052e-01
3.589713584591084916e-01
2.247919601937524714e-01
1.814726890399789849e-01
2.758626682403983454e-01
1.645125455621134769e-01
9.445727373481785372e-02
8.976308315984130037e-02
1.098906959305301079e-01
8.163422376229577393e-02
6.918226170267900710e-02
5.828558063045044535e-02
4.090832607406984928e-02
6.552242270656706280e-01
3.402611885902616651e-01
2.195466629768021427e-01
2.042084942254814017e-01
6.820689964672842047e-03
-1.561132785470166207e-01
-6.603782112316657071e-02
-1.395336067271820413e-01
-1.890304964804002952e-01
-8.538094104936044815e-02
-6.175793222810900540e-02
-4.105518963380635350e-02
8.429564696656303979e-02
-8.829256247197687923e-02
5.690401609402675337e-02
1.416477450918366028e-02
7.413993452164401032e-02
1.991901309790957125e-03
8.813484177704155112e-03
1.314252357083659506e-01
1.425027313508661075e-01
3.110868904762076684e-02
2.297788413900335447e-01
1.810428676057090625e-01
1.145116457000341925e-01
1.216792957134347486e-01
9.044928509124440519e-02
1.033589319710543353e-01
6.223318506097038488e-02
7.427174001141506610e-02
7.681910550176440644e-02
6.686170940321962963e-02
1.140476884193249302e-01
1.018301179645012683e-01
1.178871004746297052e-01
2.703407949952878475e-01
1.674420139866380497e-01
2.047221668187335919e-01
2.366143509666963629e-01
2.630395583867241593e-01
2.581518887691495179e-01
-7.641130165544444963e-02
1.287909873150774320e-01
-2.294565190054516975e-03
5.691324507730051441e-02
9.403402385219744586e-02
2.390887269504976889e-02
1.718651757613531283e-01
2.581472415423380906e-01
7.996959002297251984e-02
7.396277975422779760e-02
3.434681134157547416e-02
4.346808417845752365e-02
1.486901084322507505e-01
1.257216032099013892e-01
1.635409916130056429e-01
1.085472393705899513e-01
7.299594703969243537e-02
3.522028954027205810e-02
-8.083133194520442100e-02
-1.161685586861734981e-01
-1.311572855679386806e-01
-9.492078680132945423e-02
-1.201861395381769310e-01
-1.285984038678237296e-01
-8.976272303080871928e-02
-1.176210315543120416e-01
-8.908857240736023364e-02
-5.458045163240583808e-02
-9.516249730499504178e-02
-6.680200379152634316e-02
-3.486998319859477974e-02
1.280753207710309642e-02
-3.717723279267547143e-02
1.379651966364568716e-01
9.875854787190099793e-02
5.143736969581100965e-02
4.153102403460114111e-02
2.583104918644275189e-02
4.880450036027796090e-02
-1.027918989742837436e-01
-1.043258574561297530e-01
-6.845158817344543234e-02
-7.365669131268275105e-02
-5.401106361533501710e-02
-4.318115962350391884e-02
-6.858432900917463271e-02
-3.492700046035423361e-02
-4.698879626914079927e-02
-7.369281583969804206e-02
-2.579638039692223536e-02
-2.259915018696954242e-02
-3.096290353917434748e-02
-3.522209111992403996e-02
2.584766517221138635e-02
-1.675433635818094485e-02
-4.779198267550246321e-02
-1.440121921233047074e-02
3.491448519939893691e-02
3.984763444133890969e-02
-6.102173000979099066e-02
-4.372406777709289538e-02
-1.935606095597171283e-02
-1.524239525789534457e-02
-3.813713944723775163e-03
2.092873584307717097e-02
-1.071233607095215812e-01
-8.701424645807219471e-02
-6.629527784607015806e-02
-1.526686563171827660e-01
-1.303483039299533908e-01
-1.227985194471570424e-01
-1.638056624616110180e-01
-2.020826772931801629e-01
-1.371086409298561404e-01
-1.845008204214387271e-01
-1.269755754820545424e-01
-1.131246672620731114e-01
-1.653494421988805085e-01
-1.415634806722302075e-01
-1.469486256272743985e-01
-2.250405978719432765e-01
-7.791029136532422184e-02
-1.795970642994751953e-01
-2.118902332215267525e-01
-9.844730490899267217e-02
-1.116853282471034631e-01
-5.750943204203390335e-02
-6.563744793494943885e-02
-6.288022370811437167e-02
-7.897326882869301623e-02
-8.392572059985298205e-02
-1.066291012925404402e-01
-1.567705182652710527e-01
-8.146109492212307013e-02
-3.080928722377077739e-02
-7.460795278389989113e-03
-5.657499698606044403e-02
-4.194121949284700807e-02
-2.229825621340918336e-03
-2.360790040647155891e-02
-2.621884950276467952e-02
-3.445029123967905532e-02
-4.333232891761758937e-02
-2.729611025051937798e-02
-3.553405684834642225e-02
2.396748599970329689e-03
-4.461746610442977878e-02
1.687384496886393942e-02
4.346966509235867387e-02
6.252176469160006245e-02
-5.898695269755058375e-03
3.831632934324501628e-03
5.537787461584633975e-03
2.131454990944455993e-02
9.059658124474232951e-03
2.142930671349499092e-02
-6.272874066969870953e-03
-1.693626537945911448e-01
-1.806210566712239673e-01
-1.975341591823359944e-01
-2.996322197322484060e-01
-2.549268817028052525e-01
-3.076393690057272479e-01
-1.159145221934473197e-01
-1.242795483190701489e-01
-1.140223464686806604e-01
-6.164202190144687371e-02
-3.328885065874954974e-02
-7.237469714934601818e-03
-1.308130518218791373e-02
1.889026038932712162e-02
7.363023012761980846e-02
3.449300846462267228e-02
5.851822117937153329e-04
-3.854680491776117657e-02
4.297575088459018589e-02
1.193526257830487521e-03
-5.075947178047549024e-02
6.356247560483027637e-02
1.353044514484266214e-01
1.211686514199820514e-01
1.289636914980340776e-01
1.080195936627831726e-01
1.870822515775037720e-01
2.587585551529707484e-01
1.736992239159630413e-01
-4.350729869370217884e-02
7.704915702561632163e-02
-8.405106813007262936e-03
-1.212944611155904011e-02
-4.368606009581062211e-03
-1.915472437579538445e-01
-9.344496678958194233e-03
1.579614648370323074e-02
6.632693265705531804e-02
2.721381852982441077e-02
1.963477233221114227e-01
1.457772631403549124e-01
2.405570932304474385e-01
2.063735335769262824e-01
1.626795809570550089e-01
1.731619175880155515e-01
1.247470719407277051e-01
1.082492912194354395e-01
1.992834428712082773e-01
1.561411356532386718e-01
8.462131290668951922e-02
5.958106395734134170e-02
5.104416187545735700e-02
4.101455173808418037e-02
4.115971418026295736e-02
3.753514333540020759e-02
2.447246349431717732e-02
2.664424851744817691e-02
4.017516437285819503e-02
2.190894353750596699e-02
9.381369356929267211e-02
6.405659555493892210e-02
8.031521105314876063e-02
6.733718764196434947e-02
1.213605879612930788e-01
9.298457799469722618e-02
1.110113472860812522e-01
1.271522493421232136e-01
1.302292171077949756e-01
9.068028736024477676e-02
6.593972726592230160e-02
7.965526832992696205e-02
2.556028376411838970e-02
1.815577697000818613e-01
-8.032359443515573183e-01
-7.440533428125987170e-01
-3.150054944276897695e-01
-2.645027239045019130e-01
-4.044475027049151961e-01
1.399356047416952520e-01
-2.080683097686704397e-01
-2.792659368397181208e-01
-3.190749944597073284e-01
-3.023421492804106436e-01
1.937472435297286910e-01
2.301900200825476028e-01
2.224217982649940584e-01
1.557953407076683727e-01
1.642226628841008534e-02
1.269613945528839764e-02
