0.000000000000000000e+00
0.000000000000000000e+00
0.000000000000000000e+00
0.000000000000000000e+00
0.000000000000000000e+00
0.000000000000000000e+00
0.000000000000000000e+00
0.000000000000000000e+00
0.000000000000000000e+00
0.000000000000000000e+00
0.000000000000000000e+00
0.000000000000000000e+00
0.000000000000000000e+00
0.000000000000000000e+00
0.000000000000000000e+00
0.000000000000000000e+00
0.000000000000000000e+00
0.000000000000000000e+00
0.000000000000000000e+00
0.000000000000000000e+00
1.595998950333792354e-01
3.151082180236206565e-01
4.625382902408352592e-01
5.981105304912159859e-01
7.183493500977276014e-01
8.201722545969558631e-01
9.009688679024191460e-01
9.586678530366605777e-01
9.917900138232461638e-01
9.994862162006878936e-01
9.815591569910653291e-01
9.384684220497604423e-01
8.713187041233895203e-01
7.818314824680299147e-01
6.723008902613170079e-01
5.455349012105487061e-01
4.047833431223940570e-01
2.536545839095073474e-01
9.602302590768194146e-02
-6.407021998071299462e-02
-2.225209339563142819e-01
-3.752670048793742552e-01
-5.183925683105249371e-01
-6.482283953077881966e-01
-7.614459583691344235e-01
-8.551427630053458628e-01
-9.269167573460216358e-01
-9.749279121818236193e-01
-9.979453927503363353e-01
-9.953791129491982304e-01
-9.672948630390294511e-01
-9.144126230158124979e-01
-8.380881048918410459e-01
-7.402779970753158301e-01
-6.234898018587343715e-01
-4.907175520039378513e-01
-3.453650544213082152e-01
-1.911586287013726515e-01
-3.205157757165617849e-02
1.278771616845061354e-01
2.845275866310319479e-01
4.338837391175578984e-01
5.721166601221696624e-01
6.956825506034866047e-01
8.014136218679563939e-01
8.865993063729999957e-01
9.490557470106687488e-01
9.871817834144500647e-01
1.000000000000000000e+00
1.000000000000000000e+00
8.391928007835111059e-01
7.040138338841356314e-01
5.903348489583880587e-01
4.946841867730972231e-01
4.141407576936987911e-01
3.462448340984390360e-01
2.889229323949185635e-01
2.404244905998306481e-01
1.992684076691933204e-01
1.641978119358236676e-01
1.341416773207143032e-01
1.081821151101498429e-01
8.552634241733499121e-02
6.548247126926404205e-02
4.743837893819499718e-02
3.084301423567594944e-02
1.518956887928794852e-02
0.000000000000000000e+00
0.000000000000000000e+00
0.000000000000000000e+00
0.000000000000000000e+00
0.000000000000000000e+00
0.000000000000000000e+00
0.000000000000000000e+00
0.000000000000000000e+00
0.000000000000000000e+00
0.000000000000000000e+00
0.000000000000000000e+00
0.000000000000000000e+00
0.000000000000000000e+00
0.000000000000000000e+00
0.000000000000000000e+00
0.000000000000000000e+00
0.000000000000000000e+00
0.000000000000000000e+00
0.000000000000000000e+00
0.000000000000000000e+00
0.000000000000000000e+00
0.000000000000000000e+00
0.000000000000000000e+00
0.000000000000000000e+00
0.000000000000000000e+00
0.000000000000000000e+00
0.000000000000000000e+00
0.000000000000000000e+00
0.000000000000000000e+00
0.000000000000000000e+00
0.000000000000000000e+00
0.000000000000000000e+00
0.000000000000000000e+00
0.000000000000000000e+00
0.000000000000000000e+00
0.000000000000000000e+00
0.000000000000000000e+00
0.000000000000000000e+00
0.000000000000000000e+00
0.000000000000000000e+00
0.000000000000000000e+00
0.000000000000000000e+00
0.000000000000000000e+00
0.000000000000000000e+00
0.000000000000000000e+00
0.000000000000000000e+00
0.000000000000000000e+00
0.000000000000000000e+00
0.000000000000000000e+00
1.399217468712644560e-02
7.141904351135416884e-02
3.283344729984041810e-02
-1.142589085649416483e-02
2.052498655183921106e-01
1.877844801052578061e-01
-3.894907244353362080e-02
-9.303392089063663301e-03
3.175602284241953177e-02
2.163343148347457098e-02
1.409425178519123634e-01
6.447781838640760377e-01
1.215294638309342631e-02
5.008643032567270184e-03
1.032758398766839107e-02
3.394559329592235219e-02
3.630760461130775468e-02
6.543702961958568487e-01
1.233965436148854733e-01
4.827756858106142107e-02
1.553180994808710073e-02
2.201500620828536203e-01
3.898140884670601991e-02
1.906258029320549371e-02
-8.840937129995942931e-03
-5.360273422541260713e-01
6.876668913823148072e-03
-3.035088263540200101e-03
5.036430220193082175e-01
1.363505535879729336e-01
9.813995360702908177e-02
3.879349875431590822e-01
-2.032540585805755334e-02
-5.180767634902665453e-01
-3.428363334446943994e-02
-2.049864064006576975e-02
-1.845084179421185248e-03
-2.565663287799060596e-02
-7.964971548736887036e-03
1.484134556324535718e-02
1.874312675929484112e-02
6.884242640231032218e-02
2.802036311840958027e-01
3.729104167964295002e-01
3.984446348125686432e-02
6.003064333254355400e-01
8.193215782190884644e-01
6.985403363339360849e-01
2.222421238832369278e-02
2.987992524519026902e-02
2.070598999417817138e-02
7.951685105646881802e-01
5.405325106698964932e-01
7.655057839181728108e-01
1.291355136802273089e-02
3.814812287594270823e-01
-9.368231032533393121e-02
1.389915841896691706e-01
-2.066330425120902620e-02
-5.611191220933431367e-01
-6.530293175690686791e-01
-7.072212061630568369e-01
6.890991881766134197e-01
-2.430755592755962091e-02
-6.978759062020207793e-01
-2.674837210333370074e-01
-5.416469089300839368e-01
8.003268199215523432e-03
5.504172617365561682e-02
9.490916601620272286e-02
2.523451682879701008e-01
3.595594879476392558e-01
5.732857910821418379e-01
-2.403295494173802449e-01
-7.779372311126324657e-01
-7.800061164749185760e-01
-2.093169161308840731e-01
1.401693149081022494e-01
4.551164232411485377e-01
5.288328169710769799e-01
-2.848777361445759548e-01
2.740588556801184378e-02
1.769585370994936069e-01
3.739621302553006177e-01
6.751306401545396907e-02
6.265497471185831058e-02
-7.166389300436834531e-02
-1.018769758586199892e-01
2.973153155780554335e-02
-4.876412181612597985e-02
-5.687414628240530790e-02
1.635517282802736450e-01
-8.541705068541797369e-03
5.490338660121058673e-02
-1.113747202497241406e-01
-3.366929206233801319e-02
-4.861209624813094682e-02
-7.346209496737070299e-02
2.064822790915101514e-01
1.053588423228981885e-01
2.622692071397419444e-01
2.443572287323724640e-02
5.009038344353088090e-02
2.042367531495199728e-01
-8.376977603662191796e-02
-1.607997763412628844e-01
-7.093625327815510084e-02
1.881951214552210830e-02
1.217290793746981098e-01
-1.592046894759117648e-01
1.320659154122569012e-01
4.168210719347822946e-02
-1.175162101762525224e-01
-2.071417117030453781e-01
-1.534558227898219218e-01
-1.240341035586184776e-01
2.932498302026774195e-01
3.583087578952412477e-02
9.493614061698989193e-02
-4.004330296816361809e-03
-6.571189837229378383e-02
-3.248462596826379167e-02
-3.617626127816227222e-02
3.468154250136161743e-01
-2.928007725733157707e-01
-2.408049249905425127e-01
1.738451549184646255e-02
-9.741651495642210043e-03
1.251642316174905907e-02
4.193927359871009730e-01
2.109678340291557541e-01
1.692148680074670453e-01
5.941880549854813842e-02
-1.127341714970582498e-01
7.254531295936997304e-02
-1.734544216416266937e-01
2.680393385457026656e-01
9.154473829082024339e-02
4.872228074638493278e-01
4.361721407278255080e-01
3.705039224354989558e-01
2.987247574628387192e-01
2.525024326323707657e-01
-3.610000800379284946e-01
-3.298155858972621757e-01
-8.203792425715439318e-02
5.070817310973751296e-02
1.205257109585050751e-01
1.036101442100092890e-01
6.159288773306433734e-02
1.081302445602333739e-01
1.480038444641376127e-01
1.176811532929079168e-01
1.745619351075167747e-01
-6.347349384387475368e-02
-1.824589260245400579e-01
1.624927663522409416e-01
-1.285272521449533356e-02
-1.134954641706638762e-01
-5.110077477774271210e-02
-1.659572203840356808e-01
-2.582697332882744404e-02
-9.064205049099793854e-02
-8.804561069069687107e-02
1.089147332543780600e-01
8.799838732837535205e-02
4.474372538113040310e-02
5.357863128686034954e-02
-1.701404957367030901e-01
-2.751162794199737971e-01
-3.665186394392227487e-01
-2.568369769268253888e-01
-3.877081745969066517e-01
-5.575397239870917288e-01
-2.663664960276990734e-01
-4.371151170258436580e-01
-1.945659097531523551e-01
-3.513982663144945007e-01
-5.192579119958578779e-03
1.321075683811746056e-03
-5.046291823508474578e-02
-1.087329651956719795e-01
1.092136700471755262e-01
2.542683042884461564e-01
1.850605086366980401e-01
6.910362124778288151e-02
