0.000000000000000000e+00
3.086840682425449319e-18
0.000000000000000000e+00
0.000000000000000000e+00
0.000000000000000000e+00
0.000000000000000000e+00
0.000000000000000000e+00
0.000000000000000000e+00
-2.192144403440023769e-16
0.000000000000000000e+00
4.016950085074788013e-01
7.357239724145099302e-01
9.458171237505259565e-01
9.965844779506911610e-01
8.794738807110511480e-01
6.142124968741233815e-01
2.454856625421090732e-01
-1.645949499497998403e-01
-5.469480829638057040e-01
-8.371667275630008120e-01
-9.863613036303886528e-01
-9.694003771531205516e-01
-7.891404525548274540e-01
-4.759477112974286883e-01
-8.257916239541919501e-02
3.246992131574218399e-01
6.772817738504210983e-01
9.157732545287117221e-01
9.999999999999330536e-01
7.040139734845339836e-01
4.946842104811762786e-01
3.462447975535026812e-01
2.404244262047181280e-01
1.641977373874843327e-01
1.081821772999949638e-01
6.548250375125563849e-02
3.084302798681164484e-02
0.000000000000000000e+00
0.000000000000000000e+00
0.000000000000000000e+00
0.000000000000000000e+00
0.000000000000000000e+00
0.000000000000000000e+00
0.000000000000000000e+00
0.000000000000000000e+00
0.000000000000000000e+00
0.000000000000000000e+00
0.000000000000000000e+00
0.000000000000000000e+00
0.000000000000000000e+00
0.000000000000000000e+00
-1.281550380550586973e-17
0.000000000000000000e+00
0.000000000000000000e+00
0.000000000000000000e+00
0.000000000000000000e+00
2.392711714822514171e-02
3.105228359808346328e-01
4.170210996677530674e-02
2.739301385304780401e-01
8.734378731183749245e-02
2.714962131590395455e-01
1.342734440379829419e-01
1.022588521063503703e-01
2.562050986299798661e-01
5.254787291296740825e-01
4.407315623544263983e-02
1.252056518704196819e-01
6.394365071454115139e-03
-1.172616171447854599e-01
1.175211314432550794e-02
4.971143523944476089e-02
5.367562763620441491e-01
1.711164127208293986e-02
2.486749861757821950e-02
3.305123162922175006e-01
4.565634120974991772e-01
6.402554975559346939e-01
4.397515716971524269e-02
9.871729225365771798e-02
1.689705058277203853e-01
7.666335138941231253e-02
-2.005380760969699416e-02
-2.303354600271513841e-01
1.522362435653070167e-01
6.323529697524465920e-02
-5.098023768973346248e-02
-2.098438782180308271e-01
-5.248493623520290169e-02
2.098050518767178782e-02
3.164319947079168027e-02
6.330600592799759951e-01
7.575865116711703040e-01
5.829752217336177100e-01
1.153134447473053853e-02
-1.889081069998455736e-02
4.053739416947145860e-03
4.663432389924850735e-02
2.080742807028360675e-01
9.347692209072952507e-02
5.592436039205675447e-02
1.180760835838827070e-03
-8.667205701251399705e-03
-2.790816648683319343e-02
-4.127500094803687181e-01
1.917026944473243510e-02
2.649807924739547640e-02
-2.167157998871037730e-02
-2.514313331349888117e-02
-3.964611923551351891e-02
-3.782387732890349907e-01
-4.276557035735658596e-01
-2.225402139876652211e-02
9.761207999994603313e-02
-8.819833016380083934e-03
5.204172959880803279e-03
1.753334960677309096e-01
1.227361981036454858e-01
-5.631250613922635928e-01
-2.452141499845680861e-01
-6.279355755509856696e-01
3.108675843076750753e-02
2.970871169829425451e-01
-5.151684215530580868e-01
-6.042882364164715581e-01
-1.957396105033246680e-01
6.507146839536435967e-02
4.691230453135786932e-02
1.072882156323994585e-01
-1.969345406174072624e-02
1.920506213365689302e-02
-1.224519548952604682e-02
4.028843060471332810e-02
-7.514178465772430870e-02
3.967781706936915898e-01
2.913038157017984742e-01
4.467747503478251003e-01
3.117549431392437342e-01
2.682617754472998994e-01
-2.745594732611198775e-03
3.234327276569323034e-02
1.470280777250300777e-02
-7.437765964284620557e-02
-9.653212022106517909e-02
-1.431909237925191036e-01
-3.909705788376215962e-01
5.369727150925027725e-01
4.032790200156869953e-01
4.226376324279910168e-01
2.524130863482392240e-01
1.364501175477679240e-01
2.837664283100484464e-01
2.032227123360887955e-01
1.840527554679365074e-01
1.455594004075722592e-01
9.704097206082373459e-03
-6.982584006319708658e-01
-5.377477584435108593e-01
-5.320685723980543846e-01
-3.347760981240493483e-01
-1.533246013310839706e-01
8.708223732322525890e-02
7.659208269888158338e-02
1.061383340945340620e-01
7.825979888017600694e-02
1.389218644300722338e-01
3.056309869557091718e-02
-9.644527388810064834e-04
-5.530242255314157113e-02
3.439874615325438229e-02
-1.681462896533064133e-01
-2.692333925456206756e-01
3.665855448678879691e-01
7.349082735233765373e-02
7.493800573602460435e-02
1.529108517745561002e-01
-3.227250561450346056e-01
1.313440099432168218e-01
-1.074506806794044839e-01
-4.161247220413427650e-02
-1.175064965073558676e-01
-1.161003236401792482e-01
-2.327452203172605261e-01
-2.622920637242773800e-01
-1.484114030955716035e-01
6.726298932754527782e-02
-1.873357784087585631e-02
-6.588192656978483774e-02
-3.112887917798090598e-01
-1.802941908952482852e-01
2.583936465852406522e-02
-6.580943642774648994e-02
-2.707370448262448603e-02
-1.067224503371504291e-01
-5.100704743582272493e-02
-1.064697209945717898e-01
-7.618545010772584392e-02
-1.568689073770567211e-01
-7.158926604647561365e-02
-1.264893316450554916e-01
-2.264513462220864026e-01
7.880098924800309559e-03
2.384095359717085597e-02
2.175875472092144713e-01
2.020033155144346226e-01
3.625194854686843438e-01
7.160653836390742377e-01
3.935382629479815542e-01
1.880989329605688154e-01
1.239165708417928474e-01
1.345357130600706441e-01
-3.088819812638842269e-02
1.478297582463252435e-01
-1.917912602666703714e-01
