0.000000000000000000e+00
-9.000955045108842380e-19
0.000000000000000000e+00
0.000000000000000000e+00
0.000000000000000000e+00
0.000000000000000000e+00
0.000000000000000000e+00
0.000000000000000000e+00
0.000000000000000000e+00
0.000000000000000000e+00
8.092359156639751344e-18
0.000000000000000000e+00
0.000000000000000000e+00
0.000000000000000000e+00
0.000000000000000000e+00
0.000000000000000000e+00
0.000000000000000000e+00
0.000000000000000000e+00
0.000000000000000000e+00
0.000000000000000000e+00
0.000000000000000000e+00
0.000000000000000000e+00
0.000000000000000000e+00
0.000000000000000000e+00
0.000000000000000000e+00
0.000000000000000000e+00
0.000000000000000000e+00
0.000000000000000000e+00
1.959373541970926057e-16
0.000000000000000000e+00
1.327251974486401698e-01
2.631028868859611736e-01
3.888241770048308510e-01
5.076655150636832925e-01
6.175248793091687727e-01
7.164567426176808862e-01
8.027114414549507693e-01
8.747632481968039553e-01
9.313361792683865215e-01
9.714298154707964317e-01
9.943348362891167858e-01
9.996456109464458839e-01
9.872684065966647049e-01
9.574219398917823698e-01
9.106347694204699472e-01
8.477345999940552046e-01
7.698337646696790104e-01
6.783118289410621227e-01
5.747876743668846045e-01
4.610921958315523650e-01
3.392388551718527601e-01
2.113829375158974011e-01
7.978576057862778181e-02
-5.322218812184607850e-02
-1.852884101384801030e-01
-3.140770421655095235e-01
-4.373073339133110027e-01
-5.527998005186705033e-01
-6.585116420150110006e-01
-7.525707808026679269e-01
-8.333137443113688425e-01
-8.993122836943215903e-01
-9.493976142114177730e-01
-9.826840663203230131e-01
-9.985827144495980079e-01
-9.968120054391945706e-01
-9.774034559449519266e-01
-9.407001464483444320e-01
-8.873520650923222286e-01
-8.183029547642332036e-01
-7.347739093489855655e-01
-6.382441657289337211e-01
-5.304211704993097021e-01
-4.132118600215950455e-01
-2.886919234665736855e-01
-1.590637999442096329e-01
-2.662016218887303456e-02
1.062935120937188310e-01
2.373264024365638603e-01
3.641609115010833175e-01
4.845508950528820136e-01
5.963671140968191953e-01
6.976317809944350135e-01
7.865515742800032184e-01
8.615539276433362703e-01
9.213121195435737265e-01
9.647678771243399787e-01
9.911527910276631825e-01
9.999999999999330536e-01
8.969246888215178792e-01
8.043852823675960995e-01
7.212950598780305533e-01
6.466786057227158491e-01
5.796580149925850689e-01
5.194467174458856640e-01
4.653374057266495556e-01
4.166944530378333122e-01
3.729468292447223887e-01
3.335798187376999846e-01
2.981313994122208322e-01
2.661851555993333673e-01
2.373658119908299835e-01
2.113350536336064955e-01
1.877866138897312243e-01
1.664441198531974864e-01
1.470568593878808783e-01
1.293972443531141991e-01
1.132574993606569602e-01
9.844820007656943095e-02
8.479538037244778448e-02
7.213865938622956997e-02
6.032946304805330423e-02
4.922884946427392300e-02
3.870653146239819847e-02
2.863890245648943039e-02
1.890778576169673333e-02
9.398689270163112369e-03
0.000000000000000000e+00
0.000000000000000000e+00
0.000000000000000000e+00
0.000000000000000000e+00
-2.701086421911508580e-18
0.000000000000000000e+00
-5.743953905081327450e-18
6.050459608254230528e-19
0.000000000000000000e+00
0.000000000000000000e+00
0.000000000000000000e+00
0.000000000000000000e+00
0.000000000000000000e+00
0.000000000000000000e+00
0.000000000000000000e+00
0.000000000000000000e+00
0.000000000000000000e+00
0.000000000000000000e+00
0.000000000000000000e+00
0.000000000000000000e+00
0.000000000000000000e+00
0.000000000000000000e+00
0.000000000000000000e+00
0.000000000000000000e+00
0.000000000000000000e+00
0.000000000000000000e+00
0.000000000000000000e+00
0.000000000000000000e+00
0.000000000000000000e+00
0.000000000000000000e+00
0.000000000000000000e+00
0.000000000000000000e+00
0.000000000000000000e+00
0.000000000000000000e+00
0.000000000000000000e+00
0.000000000000000000e+00
0.000000000000000000e+00
0.000000000000000000e+00
0.000000000000000000e+00
0.000000000000000000e+00
0.000000000000000000e+00
0.000000000000000000e+00
0.000000000000000000e+00
0.000000000000000000e+00
0.000000000000000000e+00
0.000000000000000000e+00
0.000000000000000000e+00
0.000000000000000000e+00
0.000000000000000000e+00
6.861466309857350079e-19
0.000000000000000000e+00
0.000000000000000000e+00
0.000000000000000000e+00
0.000000000000000000e+00
0.000000000000000000e+00
0.000000000000000000e+00
4.422895912779942419e-18
2.040948735046141593e-19
0.000000000000000000e+00
2.134691317643445593e-03
1.906089648574844919e-02
7.202400472801816222e-02
1.582966564820578181e-01
1.307049259997966062e-01
1.395726525806422445e-02
6.329851925807707114e-02
2.405207716146761932e-01
5.254476768275714305e-01
7.349083159870333226e-01
7.280251107318792478e-03
2.005443538180281746e-02
9.374618038833009218e-03
1.016179081008146134e-01
4.493407806910298258e-02
3.599804992662424680e-02
9.798925945448841435e-02
7.903574921287301325e-02
3.282448390853624776e-02
5.396695230106045293e-02
7.733908739842798585e-02
2.210374351765272138e-01
2.781322842954130903e-01
1.321265267439291069e-01
4.853335022367882834e-01
6.043755720727237435e-01
7.554601173273935988e-01
5.705832482425250880e-03
2.531794634842405439e-02
9.493420761781612427e-03
4.953911830815126149e-02
3.804988198390107934e-02
3.340600603307889577e-02
1.032048354803976331e-01
1.725399805782752150e-01
3.441107846028721440e-01
1.366017676412013826e-01
1.740917507897966551e-02
1.281555036086570558e-02
1.707494021993782862e-02
1.802635553231867263e-02
4.257592401196727550e-02
2.412369263922825233e-02
1.050261345276697483e-01
1.757078125470407093e-01
3.505934091563748245e-01
1.211479355267455586e-02
2.502587948578025717e-02
3.165182690177079788e-02
4.432713991722147390e-02
1.795484034838062959e-02
1.186040488283742061e-01
9.127587255774281816e-02
1.951603902514766620e-01
1.556736641367918172e-01
3.139744420974875383e-01
5.616202983820554884e-02
7.023668847449063279e-02
4.079860770649871432e-02
3.067411196009716887e-02
1.809697393771698970e-02
1.153879084301280555e-01
8.215785163291189352e-02
1.992639790911750752e-01
1.517769383926753923e-01
2.864705769040294947e-01
4.413003013388384910e-02
5.121352702001502610e-02
8.981859983500000214e-03
8.275543471178395394e-02
9.814662279145190682e-02
1.281132283623307166e-01
2.903626907653811262e-01
7.729565722830489781e-03
1.127855359372035987e-01
2.798128036841429980e-02
4.823087793835124579e-04
-2.937593070713601789e-02
-2.186743862969340799e-02
1.271713720651022851e-03
6.666923785940625895e-03
3.800075792051252257e-03
3.150032018018680824e-03
6.479348738779665273e-03
1.605157952687233033e-02
1.084490248949697595e-02
1.528115978410258743e-02
4.660478537447565461e-01
1.842436595786241527e-01
2.870633820701647965e-01
2.750633689677324800e-01
5.185990973341525478e-01
8.554547909370447956e-01
8.449443341133795471e-01
7.297903095383964089e-01
6.749508967332022991e-01
6.049668068071023530e-01
6.612850642021795844e-01
6.079008055012595779e-01
6.625154041958627449e-01
7.022216973696433495e-01
8.158849108402085326e-01
3.491148616782430592e-03
1.714840596463738931e-02
9.195761599400149519e-03
3.027327518823815650e-02
6.940557452697165841e-01
3.326368827794818489e-02
7.038491875569359568e-02
9.262677399180233029e-02
-6.464977878959567159e-02
1.094197870637362846e-01
7.847014647276279176e-02
1.396572891598230927e-02
2.325129616060583881e-02
-2.059818157272898850e-03
-3.460735763021073885e-01
1.274305088405883711e-02
2.572130809829914662e-03
-1.668325461708384735e-02
-6.903108695850734833e-01
-1.923373848295256358e-02
-1.894859757525001534e-02
-1.008994557825006015e-02
-2.956228995078715154e-03
-3.050798879020763521e-02
-2.039702362039966591e-02
1.109945430618493323e-02
6.085743702763366826e-03
9.993178917456794694e-03
1.159329501233954431e-02
5.427376198687058374e-03
6.396959670007039689e-01
5.620550567634395867e-01
3.983267013134598189e-01
6.253531292211715886e-01
4.126868190838709483e-01
8.168699072952595452e-01
7.154718811374934928e-01
8.157842984454316895e-03
1.771230987718104555e-02
7.157479335497545989e-03
2.000095181330581104e-02
1.437888298141976572e-02
8.373108722897357747e-01
7.498623187314334970e-01
3.618973329382778603e-01
6.145447890206234831e-01
5.410064477363568658e-02
1.306779040555471894e-01
-7.814585525311711078e-02
-2.674964634814794850e-01
8.516220132983184921e-02
1.015260699181249476e-02
6.167948280172017884e-03
8.925238903479687166e-03
1.079897017686593484e-02
2.260245323569023621e-02
1.273715555392741262e-04
-9.094374063636084804e-04
-3.209818412815997231e-03
-4.173354113300449808e-01
-1.906086756197728493e-01
-6.051715838978894979e-01
-5.375172367129392725e-01
8.957390252150605053e-03
1.122226911493770908e-03
3.552348899828116410e-03
-1.064329449738329186e-02
-7.360855771626080221e-03
-1.232841953846328109e-02
-8.319791195202316247e-01
-7.554746137486154645e-01
-5.430136897393683659e-01
-6.970822729996299927e-01
-8.524221468598406834e-03
-8.813895195767269125e-03
-7.941130021753606966e-03
-4.459564184176179578e-03
-5.771359224519940177e-03
-3.852934379522065817e-03
6.622669976480985779e-04
-1.706382310618623221e-02
-9.481229252364681975e-03
4.971857236614892275e-03
9.825501843112746658e-03
5.099621986678981068e-03
7.703212665494226785e-01
6.209677646253233263e-01
5.015258871184489209e-01
6.711079500021555067e-01
6.911219950971978498e-01
5.722097841067363966e-01
3.616058664926231625e-01
6.131481899602738705e-01
3.461087413258457680e-03
7.052096284116289408e-03
4.560901776976464088e-03
2.109234079716547014e-02
9.364791354646495244e-03
6.101071900587931064e-03
9.697084771771042819e-03
1.069588241079960297e-02
9.250259490420953412e-01
8.813331942973621214e-01
8.595710782694703234e-01
4.365866682355917794e-01
1.019952858534849405e-01
7.409918180884355055e-01
5.520394727033738347e-01
1.517215742083785346e-01
-8.646231574200892445e-02
3.062231758367835524e-02
-1.974498166826369472e-01
-4.025984455582106714e-01
9.509622317243482392e-02
5.859010247151939799e-02
1.860730362414142122e-02
2.206754107305804527e-02
9.441454959725674098e-03
1.734808146348775296e-02
-3.081029222981106447e-04
-4.609846669598626212e-01
-3.325410553162973515e-01
-5.350238839072909425e-01
-1.017118935719714540e-01
-7.593878662163873194e-01
-6.766068903132778090e-01
3.963733233575773840e-03
4.031199806512741207e-03
7.661472462853887062e-03
-2.013498686744610161e-02
-2.074710467087230448e-02
-9.191208028502830807e-01
-8.819277907763511948e-01
-8.478614808912037226e-01
-5.641430110748039128e-01
-7.273026791163084148e-01
-3.754118972250705157e-03
-7.616710017664710466e-03
-4.812687976610129093e-03
-8.756004359369354978e-03
-1.429599032415519722e-02
-1.823567808929649550e-02
-1.708662424344851039e-03
-1.163727984405700869e-03
-4.211639536337716087e-03
2.905625060982913277e-04
2.286863464403238178e-03
-7.532709099799371304e-03
-1.190257769264189622e-02
-1.240208920296713251e-02
-7.852700093460035502e-03
6.882367975066543478e-03
1.596201614909066244e-02
8.439833936937185532e-01
4.456031353168070086e-01
5.706977660841179301e-01
5.098534450880910507e-01
5.469180023006111613e-01
6.344911393195157290e-01
1.462480520156714953e-02
1.044062878375046077e-02
1.682358507511136358e-02
2.130441407387677691e-02
2.283999640348521182e-02
7.653536708596184734e-01
7.498476796494550900e-01
4.822876563044651288e-01
5.535375583522619269e-01
3.541785695156045577e-01
1.227597624341230514e-01
8.185629874974197362e-01
8.256592251456359444e-01
7.151871849069433296e-01
2.412163055741692874e-01
1.266276424825719428e-02
-1.534591957719836086e-01
-5.186494097642009304e-01
1.081595684342223918e-01
7.157968359043170858e-02
4.218110788115166099e-02
1.664546716204064539e-02
1.500557250076802428e-02
1.101056326475998055e-02
7.675270834896503157e-03
-3.050785167012707855e-01
-4.503403649305559031e-01
1.242039526651878174e-02
-8.488559149728327480e-01
-7.543267488006344390e-01
-8.412037285315261403e-01
7.618405805256587074e-03
2.733680115556645293e-02
-3.705055801944267396e-02
-1.457186707579201726e-02
-7.647581058946800736e-01
-7.404625642484798931e-01
-6.301776936679753804e-01
-6.714120431172180270e-01
-7.041824053072825995e-03
-1.321845493933291628e-02
-1.469733597745759464e-02
-3.591796421677857093e-02
-1.419651349249346529e-02
-1.336566010732764256e-03
-1.642002624943051173e-02
2.998831767306795772e-03
-9.017593206635320796e-03
-4.065356543144030971e-02
-1.215935743066171547e-02
4.164886526751281765e-02
7.136962064009366724e-01
8.772988522409032042e-01
5.025870270834110753e-01
3.668827251140020507e-01
6.466756758024324592e-01
5.618840985190742821e-01
4.904286027223243583e-01
5.585410075294782173e-01
1.289430298296231556e-02
1.246853845301496705e-02
9.359965093757870863e-03
1.157586571245145142e-02
6.722768821657189829e-03
2.210311330708905619e-02
1.564426680084850252e-02
1.786059190292540663e-02
4.300183826896321337e-02
7.632704821214668645e-01
8.081197564745857820e-01
5.887756070561471766e-01
4.668473941384715942e-01
3.236930778314648371e-01
1.355324069570195411e-01
2.395382830282418996e-01
7.101382821205455276e-01
6.309930790348485807e-01
6.459907571790770575e-01
2.261536420968243422e-01
3.068044602295900702e-01
-5.912543777626794173e-02
7.905026735569578578e-02
-2.266999590408972920e-01
1.250182186655524885e-01
1.288180946928172699e-01
1.580410918414896781e-01
1.402500677046277233e-01
1.534440092168953551e-01
1.668021398666755251e-01
7.759863253837155639e-02
6.753196932840023481e-02
4.923421330454419431e-02
4.812932392045166791e-02
5.621031014950345767e-02
6.137339635185155157e-02
4.056804679456525731e-02
4.955351850810632564e-02
4.652072005619424522e-02
6.160695028585604777e-02
5.397322145181430303e-02
5.138797146667003352e-02
7.114810719909486769e-02
3.113664328972916284e-02
3.518535364968452400e-02
3.821578807160466718e-02
4.588440954379356673e-02
3.207319096329335623e-02
4.946451578414339662e-02
-3.700301453635173599e-01
-2.626399878377063124e-01
-5.283375161904156903e-01
2.575564485576996299e-02
-6.546367012682087205e-01
-5.964039600717755407e-01
-6.826377357934273471e-01
-4.494787305866551619e-01
-6.227779185492872127e-01
-5.089082589029674253e-01
-6.821796906440059649e-01
-5.994239481677731129e-01
-7.037455896913280551e-01
-5.024116407864002154e-01
-6.135741942507071389e-01
-7.763080589811307552e-01
-8.626301123103615742e-01
-5.008164637357249704e-01
-6.759091085519262077e-01
-7.513626763940670639e-01
-5.594900257029815638e-01
-6.801585073016052085e-01
-5.113661082948487424e-01
-3.689557930453787327e-01
-4.367049279830512165e-01
-5.486498606606887707e-01
-7.577327184979921748e-01
7.132854852030629314e-03
1.092872194194023996e-02
1.970782409613733993e-02
1.709678792738672515e-02
-2.735013093359389344e-02
-3.389989892771656105e-02
-2.814153110152092449e-02
-5.394879946207600113e-02
-2.532837460443873590e-02
-1.765487596694950700e-02
-4.937934392514686799e-02
-7.591265430033117267e-01
-7.661560430177754011e-01
-6.299086681932797305e-01
-6.646315977303440814e-01
-5.684814709070619143e-01
-5.285203415379540193e-01
-3.672419810745598534e-01
-6.044664156284141887e-01
-4.640192100934726893e-01
-7.494001787527588831e-01
-8.265251892644310400e-03
-2.651381493707391165e-02
-2.875118729739887038e-02
-3.472485513658141176e-02
-3.354608538675430546e-02
-2.821340303798846108e-02
-2.327005170631654685e-02
-3.973263977754652038e-02
-1.027832976069934998e-02
-2.556262696122610714e-02
2.944268256109452975e-02
8.009123002012061843e-01
2.423838916711743008e-01
7.553803272585407624e-01
4.868314678725373379e-01
5.843914939844078830e-03
1.647298062138626007e-02
4.821708394883310149e-03
3.382403572530628955e-02
3.268881436742034768e-02
4.864872448288393852e-02
3.020669923800665610e-02
4.093994080493334325e-02
3.943629807699926271e-02
3.810358214816119554e-02
6.766943066803512985e-02
5.791891161420314321e-02
6.611916654089714518e-01
5.652215716883614016e-01
6.518728839162214461e-01
5.986056746933543504e-01
5.009376392374607079e-01
4.071559723797211205e-01
5.449875620644066831e-01
2.088027601933344080e-01
1.946006111485718559e-01
6.804073976092218645e-01
7.759675631503291093e-01
6.300870403471383607e-01
2.872880739661790583e-01
2.318939100310434820e-01
-3.160779302983604544e-01
1.001309487601188958e-01
3.326793747878748625e-02
-2.249405850970908893e-01
-6.353270114702442850e-01
9.817881886397149260e-02
-5.921422881392110482e-02
-2.918456413156851614e-02
-7.565781567524873519e-02
-4.044806563011569267e-01
-5.678619335527320677e-01
-8.092580232079994440e-01
-5.691866995056390488e-01
-4.033667957518226044e-01
-3.640326730170491132e-01
9.052572717550239761e-03
1.279089878495857577e-02
-2.257034962607332509e-02
-3.228702009381493460e-02
-2.639480973659852694e-02
-2.134691163054869278e-02
-1.375158793489745720e-02
-1.328908565248697327e-02
-8.234228879186165084e-01
-6.159490455850357149e-01
-5.340877858270797196e-01
-4.311042172494211067e-01
-3.825812401215419878e-01
-4.764589245776918447e-01
-8.784235372082092180e-03
-1.457012014161334669e-02
-3.110269058020265556e-02
-5.066463611939054507e-02
-4.002867380060186331e-02
-4.381808807554868346e-02
-2.102180902883747302e-02
-1.599330296265363827e-02
-6.777894810810913655e-03
-6.334797544374666523e-03
-2.135901355642973176e-02
-2.862144938962707386e-02
2.287273262979824806e-02
3.032292033805979864e-02
2.883504370104412740e-01
1.745467873875796161e-01
3.411475061226884598e-01
7.138906290200163207e-01
6.761949665511107765e-01
4.678909901953173245e-01
5.589831656407683314e-01
4.162834788437227984e-01
2.558057093238173124e-02
2.998074172390805675e-02
2.799155615541256692e-01
2.888088467045533680e-01
2.099757846898626934e-01
2.657292193277855930e-01
1.940136818197030211e-01
2.755488843097110285e-01
2.966822280940459855e-01
2.036902056088200907e-01
7.987185290917385438e-02
1.233648166210074976e-01
3.069925580561038911e-02
1.520165613971069807e-01
1.006489684331577789e-01
1.719955036334699927e-01
1.813368966502840740e-01
2.581615438628485637e-01
-3.249749958552811124e-01
1.108403606908288930e-01
3.934195619876215688e-02
-1.708093053803423633e-01
-6.094827129886508654e-01
1.228314400871351360e-02
-4.430350083253097315e-01
-3.260271948973351153e-01
-3.870273225951674778e-01
-3.636879467517066811e-01
-2.389466421674697472e-01
-2.895751630324179260e-01
-4.018010958550755074e-01
-6.122307794465871034e-01
-5.211619581929515244e-01
-4.031513686894415138e-01
-4.176995393355288355e-01
-7.420423339316440936e-01
-5.822415094950056380e-01
-4.912411599853321875e-01
-5.248883695659012361e-01
-3.961909743482553425e-01
-4.620672351433985914e-01
-6.756512048358271905e-01
-5.918846102709691692e-01
-4.214920209061059353e-01
-4.865430297777393887e-01
-4.554170476225323227e-01
-4.036710221770115625e-01
-2.007843277016192057e-02
-3.505329856427204498e-03
-1.060698521705079507e-02
-3.644853852570969360e-02
2.502932919262205666e-02
4.301965571852784526e-02
4.084578986374605147e-01
3.333813667932228331e-01
3.882194854632678993e-01
5.037182500603785140e-01
6.703667104762665863e-02
-5.116227234601111035e-02
8.133341084821722744e-02
-4.654408870789158992e-02
1.676640998936775387e-02
-1.499086023260205458e-01
-4.470113736493620538e-01
-3.899597353849295622e-01
-4.776465588145761831e-01
-2.640123760828860799e-01
-3.537797322852205828e-01
-4.265680279436699363e-01
-7.161633954536738428e-03
4.855856982498355759e-04
-1.254611720328718642e-02
-4.875628747737542797e-03
-2.435484668826674165e-02
-6.219562398824843470e-03
-1.879512825611806201e-02
-7.243019544352483942e-03
-1.681153987342825715e-02
-2.644872131633541068e-02
3.513863839835446035e-02
2.962145711333948883e-01
5.131733136989670152e-01
4.149991941614177837e-01
3.782932923205097140e-03
7.777095226579609777e-02
1.479379500309423168e-01
-2.590678357097002914e-03
-2.452933720846057764e-01
-4.267181409127508429e-01
-5.088914241277211481e-01
-2.810248782184882055e-01
3.371727644943341429e-01
-6.982939291582361541e-02
3.560499960275568393e-02
-1.221654725068414132e-02
-2.359371066083869317e-01
-1.853531753237308843e-01
-2.817370494582141505e-01
-3.408859158111774423e-01
-3.389070749307772634e-01
-2.813968607774542940e-01
-1.932709137470588479e-01
-3.934477122610425259e-01
-3.430195697412131151e-01
-2.014919540197782910e-01
3.621841561534786761e-03
-3.493358706929296231e-02
4.549730852829492189e-02
1.183475461312003679e-01
6.570894659939845173e-02
4.221602564159504523e-02
1.073968216996871441e-03
-9.726759251800726203e-02
-4.297661955708974579e-01
-3.812998953437554683e-01
-3.819065659777550747e-01
-1.298891764359463574e-01
-6.391025500558367156e-02
-1.261031685772239230e-01
-1.475515769096569785e-01
-4.477843032967186443e-01
-3.839422110331852100e-01
-2.886622339029698003e-01
-3.260901654273304362e-01
-1.626864664324298992e-01
-1.261417394286249993e-01
-3.457599082958627834e-01
-1.270123157102847344e-01
-1.868037777435645475e-01
-2.810776227731093257e-01
-9.637841819945967836e-02
-1.501377245245451297e-01
-2.023022043219322441e-01
7.212373815494488348e-04
8.567115941891353947e-02
7.572846401008641488e-03
9.260953909079118473e-02
4.554846455959846163e-02
9.929886050567840461e-02
1.554944734074162893e-01
6.506422379408011158e-02
2.473423301274049468e-01
5.398502947378938099e-01
3.327298538097466646e-02
4.005182310987830951e-01
2.612360980222211415e-02
2.201930690212509645e-01
3.166595030958141432e-02
2.312920232411805072e-03
3.965870854723485377e-03
1.075780512510126274e-03
6.483121163894475791e-03
-6.479917218658178771e-04
4.077378334455046549e-03
1.464486489722198748e-01
1.834531625525937792e-01
5.067505567562965996e-02
3.062248408141727760e-02
3.955650475239854552e-02
3.848878889174479206e-02
3.113118298485361563e-02
2.227153234378900087e-02
3.912454778337602634e-02
2.911434504521519598e-02
2.779474100797649228e-02
3.560979661983362798e-02
1.692653167790410251e-02
3.204754736380288627e-02
2.398508247693603365e-02
2.326886830258347375e-02
2.098838591712970381e-02
1.834950381342089626e-02
1.325721772278519277e-02
2.068089477389910627e-02
2.345961428240306984e-02
2.649600268049151844e-02
3.253026473995686285e-02
4.065487596642846507e-02
1.123634637599512862e-02
1.167165599270686589e-02
1.055780808865965266e-02
6.859040186502680762e-03
1.361855864789384557e-02
1.506181032242905060e-02
2.170016204454945467e-03
2.355164569220649651e-02
8.584643155356905600e-03
2.957948525789638392e-02
1.881594325834573186e-02
-3.871108201235886736e-03
6.970660725124928903e-03
2.559689411718802862e-02
-4.011016979984408787e-03
1.181345868033709633e-02
-2.259686995079814714e-02
-1.343033606648598097e-02
5.443699160604568467e-03
2.580819484104183298e-02
-1.209947562201625811e-02
-2.024620250320503453e-02
1.536250194190529744e-02
4.990226505079382868e-02
2.273284352081950815e-02
3.756130797594730425e-02
3.772875220837700744e-02
5.730255891491291276e-02
4.710230909236764324e-02
4.939588278092681140e-02
3.812153553369637682e-02
5.063982038883731857e-02
6.821325037728222240e-02
5.715521023358837577e-02
6.507061805558120304e-02
8.348398161639149218e-02
9.674924541901425146e-02
8.396523256536440882e-02
7.248050991555937683e-02
9.560094032558606736e-02
3.821646259255880723e-02
2.630294386383552965e-02
2.353105918607727859e-02
3.565983242399764497e-02
2.993692522336262318e-02
4.062101918889705204e-02
4.048751105863647448e-02
-6.117612461452192063e-01
5.040741994815464005e-03
3.426806835660541756e-03
6.399042501084480083e-03
5.846433773544287490e-03
1.375013949462261000e-02
2.052016766985063564e-02
1.635255803800099786e-02
-4.172316719810379576e-02
-3.297620025129985311e-02
-2.715092677300900287e-02
-4.361629555872870156e-02
-4.005949157365115004e-02
-5.706853707155452871e-02
-5.207324845998608648e-02
-5.528208714629575735e-03
-2.339643800926379663e-03
-4.866625810518646414e-03
-2.920218454600818567e-02
-1.835122941295373386e-02
-1.738496497473339050e-02
-2.504248202159813780e-02
-1.936948486889758167e-02
-1.094655797118768495e-02
-2.167048093670010528e-02
1.693546756907898798e-01
5.868031636410761531e-02
5.241965551675770857e-02
4.978200571960154919e-02
4.469558517229617334e-02
5.899710914310581089e-02
6.041869421838040599e-02
7.418098462275950211e-02
5.599537094770101753e-02
4.654123828111200040e-02
6.581442709909994526e-02
9.412775315615536098e-02
7.062818404588132315e-02
8.169971338986450893e-02
6.545264239373638215e-02
4.634737735591407115e-01
3.276008107131320179e-01
4.156263791246429529e-01
4.767696456302590313e-01
1.257848685562471536e-01
2.717848733667557748e-02
-5.100434372360148627e-01
-4.519926125352048962e-01
1.467958296784613141e-02
-5.681896647652688592e-02
-6.096149889443448489e-01
-6.379106658369366745e-01
-5.390458936181892202e-01
-4.793309366239897895e-01
-4.825480201549463000e-01
-1.485754542456321076e-02
-6.389536398594683475e-02
-3.535511056609561692e-02
2.034531010192439093e-01
1.613556661516468982e-01
5.485038758338991460e-01
6.317679122981062489e-01
6.881522106267560224e-01
6.190967354903614828e-01
5.252563075962718431e-01
5.625039558267537210e-01
4.834852847314788371e-01
2.112296575849350877e-01
-3.002257985953723507e-01
-3.421024922059956452e-01
5.196648140096934293e-02
5.684850056394699092e-01
4.897820134136268710e-01
-1.430684206441071582e-01
-3.857691738622749944e-01
-2.831997070580729581e-01
-1.054361894404655040e-02
-1.671338184498213919e-02
2.717305130984106198e-01
2.114186410840955821e-01
2.108525147063178284e-01
4.418052324922145946e-01
3.180250808852628230e-01
-2.062525546059089387e-01
-2.249519726815120135e-01
-3.853180457360368405e-01
2.343013954361910373e-02
1.487258555074259525e-01
1.509475426904878792e-01
-5.830644430673217332e-02
-2.794497914587600884e-01
-1.990310237171157848e-01
-2.477025181286808819e-01
-3.151236010683051147e-01
-2.751669479914570782e-01
6.964538178321279249e-02
1.356092369579604273e-01
8.759930439775645561e-02
9.603759547470711033e-02
4.784954633891538855e-02
7.039250338760451309e-02
4.578501877411785825e-01
4.545090217305122193e-01
4.034341783868915510e-01
4.412716690818207499e-01
3.792177745903519970e-01
4.445419642410256000e-01
4.247782414385693484e-01
3.835212995492987553e-01
2.353928482240129003e-02
1.980833481194571241e-02
2.480122605463889671e-02
3.550154154757701602e-02
2.718607622946013491e-02
2.632026359613025279e-02
4.167919805072617390e-02
2.966817829952975508e-02
3.563713252774126233e-02
4.143789595579629170e-02
5.343976429635891034e-02
1.883933004984985823e-02
4.403822629788578004e-03
1.646257193107687478e-01
1.788028747295944687e-01
2.149072376545550500e-01
2.474300171694759631e-01
2.635463758304769089e-01
2.683740529759793825e-01
1.971583874364857270e-01
1.995511523572746915e-01
2.296881868117403303e-01
1.680399774065348129e-01
2.413279849633726548e-01
1.880424693560011906e-01
2.222296597417471598e-01
1.722402934732943647e-01
1.460206619489819724e-01
1.346516833818235115e-01
1.274898203217557924e-01
2.482973387272338073e-01
1.897224995911643564e-01
1.537948595474695479e-01
8.866230462607557761e-02
1.021745995507388621e-01
2.182185418871254445e-01
2.080214161430813391e-01
1.016459314534888247e-01
1.549631384303640780e-01
2.134506856031825883e-01
1.590101320411279884e-01
1.759673701827387526e-01
1.120179120538795231e-01
1.018184334505899957e-01
9.820970941361062412e-02
7.669742663957078432e-02
1.011851376453042767e-01
7.220317308915047416e-02
6.204140345288690350e-02
1.178821755890469142e-01
1.434581827547936339e-01
1.298661887329731202e-01
8.764787527337433715e-02
1.486893946621309012e-02
4.074128984074046333e-02
1.613036410163555257e-01
1.760092991247249328e-01
4.283389389881315373e-02
3.924561010802741362e-02
1.863870967627852954e-02
4.720147365972580944e-02
7.508718017555921290e-03
2.572596818765387431e-03
-2.918966218566926632e-02
-2.114522885627884499e-02
-3.783558309733909327e-03
5.827629528499042588e-02
8.324288007511006227e-02
9.081471000079828493e-02
3.081764391928407815e-02
1.980473374461012848e-02
1.708251210940935766e-02
1.478098955444545615e-02
2.920459847041096194e-02
2.412182409303584643e-02
2.228682685439986599e-02
2.677820280450826998e-02
4.233382470415567034e-02
3.471061652930199082e-02
3.372533799530724741e-02
4.312228722704352507e-02
1.884004157946203920e-02
7.957620376432691933e-02
6.099342580821030119e-02
5.038072112596204966e-02
5.155170762142676638e-02
6.259757625361972444e-02
7.135484954685768211e-02
1.034864320394359993e-01
7.639102124594557286e-02
8.927963660301646565e-02
7.113958843001497168e-02
6.004735669478406673e-02
5.127793261582988538e-02
5.687980597374845543e-02
5.751975704354467256e-02
4.258454565683034848e-02
7.326165562468757442e-02
4.807716929674026723e-02
2.411521962676408531e-02
6.988530566906321628e-02
1.342952825636400671e-01
8.022528825984028000e-02
3.961248213992756700e-02
1.017186510756780543e-01
7.302516816526594123e-02
4.579013862146477654e-02
3.262137219840970798e-02
5.552223605098013937e-02
8.679006775101469340e-02
8.491770624261085754e-02
9.861266768128779114e-02
6.855812838632933948e-02
7.678791922167014540e-03
2.304647133270650711e-02
4.416915451011312055e-02
9.783164940524489983e-02
1.219734593489903846e-01
1.046554094099213378e-01
1.338819035319432360e-01
1.173415408880969096e-01
1.202229925256295961e-01
1.957065462081438931e-02
8.672868780025541624e-02
-5.180518549088693886e-02
-5.787649032614796546e-02
-4.941342169410913726e-02
-7.282951021490889632e-02
-6.227618847113443323e-02
-5.748889779820369472e-02
-7.676341841295282464e-02
-6.683654560461096961e-02
-6.680264557247368729e-02
-1.068709099047277233e-01
-7.928382850508472468e-02
-6.952373292374473823e-02
-8.594626308277752980e-02
-6.601887563958395988e-02
-7.788546115867285569e-02
-7.577595212346115161e-02
-7.696168536735287224e-02
-9.073927611985661834e-02
-6.350334832068524338e-02
-6.233682087729652127e-02
-1.068437867285913223e-01
-6.491161343104835668e-02
-1.029130253906635761e-01
-1.339865331867767517e-01
-9.217537914558501799e-02
-1.178223213739041514e-01
-8.409142206800869490e-02
-1.319232960501865448e-01
-8.374393122061063455e-02
-1.212395953036607965e-01
-1.070968640475646189e-01
-4.953796319024350581e-02
-8.541979085205560207e-02
-7.042963369779280114e-02
-9.388674305307487256e-02
-5.539948401963556285e-02
-4.924532175197877254e-02
-7.285874339367387487e-02
-5.557320252954051770e-02
-6.036666847212048687e-02
-6.996996008685618662e-02
-9.467259038045815200e-02
-6.087151272749889708e-02
-8.615138535820125731e-02
-8.099967350485025308e-02
-9.773554162665587519e-02
-1.283321546200309748e-01
-1.059812091970213782e-01
-1.137390163540882154e-01
-6.599075726409731057e-02
-5.994850337360212167e-02
-7.198381570042164390e-02
-4.536840772294017249e-02
-8.786720789575090673e-03
5.003316434474667368e-02
8.197958270964077199e-02
7.840980029632900472e-02
7.802641740164444062e-02
9.693952698046665040e-02
6.326629827875752954e-02
8.544866835542472283e-02
6.613048535559153118e-02
5.888741420118324965e-02
5.115281941881856254e-01
4.080705572371807199e-01
5.409425476393006083e-01
5.879971002012107650e-01
4.513521793315589115e-01
4.534230508866194387e-01
3.796317336489654637e-01
3.775636161568753923e-01
4.059411378295336159e-01
4.663743860932478280e-01
4.320945562463147094e-01
2.906393727699345675e-01
5.495335648892554214e-01
4.882342431546906614e-01
3.933852902630976534e-01
4.174804739304862067e-01
4.766085428640941535e-01
3.747461612648499973e-01
3.475384512670342541e-01
5.090335334232607423e-01
4.165591822214343432e-01
3.510640009998855504e-01
3.945654139119822434e-01
3.642062405382270884e-01
2.917464430723410440e-01
3.314167417508805391e-01
4.367421909528148571e-01
3.241620849312395469e-01
2.981027793398071113e-01
2.039509104256105321e-01
2.454384785542205738e-01
2.728026896773285692e-01
3.178060341897930297e-01
2.771126748762676173e-01
3.433499125208329672e-01
2.812648421090565010e-01
2.712981140286279680e-01
3.940965115841782995e-01
3.351362537429511956e-01
2.778405805354139946e-01
4.031677400166513436e-01
4.746643751689725299e-01
2.885541919438213143e-01
2.134487424292563496e-01
3.427290768723825765e-01
4.588313701665692745e-01
4.519424315614437582e-01
3.175753208522482107e-01
3.892439394671731168e-01
3.961057561083506373e-01
3.506686439160506263e-01
4.120211522473540278e-01
3.453814692300792855e-01
2.948677403477087400e-01
2.660349379723475627e-01
1.354528556674580719e-01
-5.616618849967980331e-01
-5.230876553261979423e-01
-4.503196955023540116e-01
-4.678803169288451302e-01
-4.170915357598705686e-01
-4.334076967217763698e-01
-4.907211953114020558e-02
-6.396824066434179945e-02
1.376187790577892145e-01
1.057237585648495154e-01
6.413326185710299665e-01
5.415738415110039616e-01
6.203643054392873335e-01
-2.772359224184756110e-01
-2.409509607669272357e-01
-3.124938127020325251e-01
-3.511649749336185899e-01
4.397306565881604901e-02
4.564893295525113831e-02
-3.237196818116336861e-01
-3.042224769536180373e-01
-3.085932205162304487e-01
-3.317061503430941971e-01
-2.930300751710555041e-01
-2.681582289462809965e-01
-1.849923789361529181e-01
-2.172760245691392755e-01
-2.244390132722783593e-01
-2.473480927975508226e-01
-2.221283151672112932e-01
-2.472996014173286239e-01
-2.600507344563613432e-01
-2.768420801118552377e-01
-2.618012545825342818e-01
-2.849558801174326139e-01
-2.921579321289374254e-01
-3.368361614959027306e-01
-3.284774644331416305e-01
-3.458402393959984500e-01
-3.195408482914011694e-01
-3.534209580345540336e-01
2.372168011226687412e-01
3.483481860467210200e-01
-2.412607061298443767e-01
-2.602969923193972912e-01
-2.591942747648911527e-01
-2.141867866384155605e-01
-1.444922358985653021e-01
-1.269618389447174089e-01
1.003476310245479501e-02
5.545727797885143667e-02
1.544027509375803242e-01
1.116544335687999628e-01
9.657988840824886789e-02
8.574502326568146648e-02
2.443301807222486022e-01
1.970184609584847979e-01
-5.115804767680880161e-02
-1.926471599392824002e-02
-2.961177340431858651e-01
-3.101208460065750239e-01
-3.473522908814515864e-01
-2.256501687350793151e-01
-2.535363314532336765e-01
-3.461670146793520142e-01
-3.261943101604625195e-01
-3.864969228915881017e-01
-4.376210158070264478e-01
-3.941354331507936348e-01
-2.893530007116058567e-01
-3.364985039225763530e-01
-3.200735025419736424e-01
-2.883611504143508975e-01
-3.276964606539792269e-01
-2.724945560227119978e-01
-3.279462136791614912e-01
-2.955772309026861722e-01
7.991632720094030140e-02
1.259224978610439249e-01
1.706155150249855090e-01
1.780875576916057523e-01
1.413098090755424419e-01
1.310424545838500821e-01
1.160248910998209204e-01
1.616629013389601355e-01
1.875725167268470495e-01
2.342628092222133196e-01
1.662570061675216759e-01
1.528806079637128057e-01
1.995522756554148625e-01
1.990716170869563095e-01
2.344661032506793752e-01
2.761242848542040385e-01
1.091871934701313523e-01
2.009037573743959193e-01
1.292810044784644674e-01
3.639405028426621891e-02
3.593182523339802925e-01
3.226198099901337879e-01
3.176379263686183729e-01
3.245710777537519909e-01
2.949969285018435028e-01
2.872090172757962856e-01
3.566082132203090005e-01
2.535755014056484055e-02
1.692229759277927292e-02
1.158159818078184113e-02
1.961284261865748821e-02
1.620401101876767225e-02
1.557478903900451003e-02
3.569213254789257300e-02
1.168370525891493650e-01
6.514624421861969772e-02
1.302283427092017221e-01
9.849983224837613460e-02
1.134664310065671838e-01
8.638079997003011989e-02
2.719653909045255738e-02
-2.350987783508584963e-02
-3.983484328244865647e-02
-3.411010397197242194e-02
-9.778915334708530860e-03
9.907368084248869763e-03
-1.863007179893725815e-02
-3.526192205406768025e-03
5.585389963477952000e-04
-2.102090412009954487e-02
-1.996066114781331474e-02
-7.806161183934733072e-02
-1.350722301185609125e-02
-4.127058779818178202e-02
-4.891071957002788434e-02
-3.333595721105749032e-02
-4.048518562671594295e-02
-3.677530510343676728e-02
-3.293176736464116516e-02
-6.004952727225928294e-02
-1.020593659547594095e-01
-5.931212952527613325e-02
-7.414778800036425643e-02
-6.363110907869640176e-02
-5.460080462420552339e-02
-9.208488168015127595e-02
-7.865165065948263867e-02
-6.438383648005717441e-02
-1.062078191264041044e-01
-4.282636492600497280e-02
-2.239513422171569498e-02
-6.562457701896588780e-02
-2.809409791581115451e-02
-8.196447387712671451e-02
3.289526749438544811e-02
1.360189503330981597e-02
8.054558377885591425e-02
8.910941916755535375e-02
9.370233418382389878e-02
8.119902607290024887e-02
1.074705022453867898e-01
1.009957341307566592e-01
9.211267073564519126e-02
8.414704292220737125e-02
7.509802084187121307e-02
9.942533267618856863e-02
9.546675276119385989e-02
6.249506217108904277e-02
6.893513420120965518e-02
5.146777081299704765e-02
3.122563499375333868e-02
-3.744009849132091863e-03
2.776338964016227678e-02
1.600957633963830118e-01
1.179389208107005371e-01
1.059536333983055190e-01
1.558938932976586533e-01
1.363681492585008641e-02
1.651347285128067048e-03
1.019773190677816452e-02
-1.031827990781488368e-02
-3.341109545106682108e-03
3.104319364040731936e-03
-2.135227342833885197e-02
2.613033376676120265e-03
-3.296867932438541076e-03
-1.111038717784427338e-03
-9.996209630891343331e-03
-1.277943394222823444e-02
-2.422486147766435630e-02
-2.058057237837733824e-02
-3.407585562168553156e-02
2.445353183017221280e-02
-6.841167665853201130e-02
-9.778305280157861823e-02
-8.767698305807671011e-02
-4.573809573558924868e-02
-4.111112795481965815e-02
-9.360769152912562507e-02
-1.173705911889822984e-01
-1.084829583246026269e-01
-9.938715113901118448e-02
-1.346937876666529921e-01
-8.720557746952686817e-02
-8.802192405935072017e-02
-1.196441497193844877e-01
-8.288915738349902917e-02
-1.062629903651568508e-01
-9.769714086750103110e-02
-1.264879255889778120e-01
-1.131429897106215748e-01
-1.024912540057937999e-01
-1.334218138765172201e-01
-1.195241858768883170e-01
-4.166668374480422821e-02
-4.728889468465692636e-02
-3.307773735185393083e-02
-3.760486560407328566e-02
-3.955956994603461452e-02
-4.543696672011057758e-02
-4.940408371133390292e-02
-3.697913235972483115e-02
-2.753958292276659225e-02
-2.758875323293740953e-02
-2.992081142598184210e-02
-1.961796722010538882e-02
-1.360080748768820527e-02
-9.230132774666647069e-03
-4.711412806620965225e-03
-6.595714347051827298e-03
-2.006234333791607691e-02
-4.514622821131735603e-02
-5.176334193547921930e-02
5.974642570973875272e-02
5.255668742463345117e-02
5.211918419943808306e-02
4.141464048401687359e-01
3.783568880974625959e-01
3.394674641897266198e-01
3.089574570862596015e-01
2.753775417978231443e-01
3.521544621877134018e-01
2.683294800333967944e-01
2.998276873915277085e-01
2.281094719733552934e-01
3.247348779851541578e-01
2.437489717887899865e-01
1.912763923364573515e-01
3.662366752901420330e-01
3.198718334324913148e-01
1.886907636575271552e-01
1.433259740388955761e-01
3.391011731601628609e-01
3.647696774231795058e-01
2.854148312799208997e-01
2.042545547914762505e-01
2.272961332282004976e-01
1.606565747642986208e-01
2.094371945280950054e-01
1.317703700656474020e-01
1.546236265599942317e-01
1.727804780112653094e-01
1.056746884630399980e-01
1.290681111451583984e-01
2.661739171782522284e-01
2.489812007471109145e-01
2.254861558818683498e-01
1.994184368110724082e-01
1.906259925075231287e-01
2.207368392307141047e-01
1.533851333937651384e-01
1.654041721373237794e-01
1.863167569890137321e-01
1.248564719889065644e-01
3.576822079025094303e-01
3.560732254744142233e-01
2.760582719162508747e-01
3.096509481494655880e-01
2.359118195336926960e-01
2.154479612797414456e-01
1.568917866960632679e-01
1.271523095453438446e-01
1.689806233621506948e-01
1.432406271062960645e-01
1.772401303068323608e-01
2.132365849948797132e-01
-4.107901330517709643e-02
-5.405815006886533630e-02
-5.995608081776961085e-02
8.525934416243467762e-02
9.845204065079800337e-02
7.022181969078031827e-01
6.029029357850353987e-01
6.789199536908558930e-01
5.219926090968981525e-01
4.307262850615035665e-01
5.810826280127383558e-01
-2.586821468487590092e-01
-2.792360835357858284e-01
-2.227617965816404422e-01
-2.501743012071360739e-01
-1.253991531093743839e-01
-1.991238868796724459e-01
-1.711138671566442004e-01
-1.931639707365511716e-01
-1.553607457743765574e-01
-2.019614395848798316e-01
-1.759440875640207180e-01
-1.529404988698644108e-01
-2.166097665459614241e-01
-1.684339054911687672e-01
-1.676081642159812368e-01
-2.011426832355764638e-01
-1.980057758303046811e-01
-1.530453404647290072e-01
-1.227177698345619378e-01
-1.677121260271105807e-01
-1.920646447274621804e-01
-8.416605603853480333e-02
-1.415278677063808166e-01
-1.113519070673480160e-01
-1.688535707175060907e-01
-1.474119887394469974e-01
-1.404564952074897899e-01
-1.198536071282168269e-01
-9.917488659341677781e-02
-1.131747741553351810e-01
-2.088531377754096474e-01
-2.964754728964545394e-01
2.653973046106739009e-01
2.079792240941258918e-01
3.651830666234919254e-01
2.946647290658162555e-01
3.057926247074144177e-01
3.883474284615238137e-01
4.419425978422832774e-02
-3.069012277111985432e-01
-2.481470223704833056e-01
9.942280013742761657e-02
7.610471418734028604e-02
9.071817009628167783e-02
2.814758139017503602e-02
2.569522933553623420e-02
3.512883623224046653e-02
5.331477431899517283e-02
1.781688690122944577e-02
3.159224733544625102e-02
4.138337960170979102e-02
3.917732962573493294e-02
-3.196431081924216988e-02
-2.622398514830343724e-02
-3.257168462315939567e-02
-1.870992798907663013e-01
-1.340186430173773702e-01
-4.753125295521747062e-02
-6.968511653249148674e-02
-9.580278656294233253e-02
-7.379011354960900160e-02
-4.508058045855067170e-02
1.100181668185442815e-02
1.315983039184553602e-02
2.042269849918063734e-02
8.612238218832476977e-02
1.245741569191271964e-01
9.581205569746181760e-02
1.274569041254761670e-01
1.096243483827122472e-01
1.196419031147156614e-01
1.149926439764749064e-01
1.122013587457515310e-01
1.021760315363024890e-01
1.708103906195121702e-01
1.125340155456859420e-01
1.443981278969081739e-01
1.085830525357377452e-01
1.309098331314891561e-01
1.271797325381344990e-01
1.335305425542228641e-01
1.264805797719624481e-01
1.474329053654139521e-01
1.148007727889957252e-01
1.199918139387719934e-01
1.545968586800755273e-01
9.954063134047970440e-02
1.282492343735278373e-01
1.389522410357357796e-01
1.571452202189087266e-01
2.001209070456212435e-01
1.801758602161427081e-01
2.122903752647171682e-01
2.005339112814763236e-01
2.434023845459181434e-01
7.361087162149712593e-02
1.453469537980779103e-01
1.298318990232398829e-01
1.082448619491333391e-01
8.748268401384901027e-02
7.882012982128654144e-02
7.913382647156234906e-02
1.254201550715564883e-01
1.031833816303530243e-01
9.254303791918951083e-02
3.238174712358762863e-02
1.392879955312278650e-01
1.381766814262368470e-01
1.223973189665201328e-01
7.874514933734174174e-03
2.911815579655124570e-03
2.333062326836477483e-03
-4.234615493589457408e-02
-3.215575280781013401e-02
-2.936628944140124917e-02
-3.514857559018699090e-02
-5.671894743035493791e-02
-1.846982630298201269e-02
-2.273849740310065690e-02
-4.265132938054236322e-02
-4.077119552529293728e-02
-1.260108048688981033e-02
-3.130772092118749156e-02
-3.981724287304607562e-02
-1.379568141449991937e-02
-2.951354872664182019e-02
1.048990973233578225e-03
-1.075570061027888297e-02
6.912094620284523969e-03
1.919381231171017957e-02
3.683494277391145041e-03
1.521606978736511281e-02
6.716683909977997236e-04
1.183725646972714173e-03
-1.457747823470204387e-02
3.395569403189287270e-03
-7.903874577798319923e-02
-1.359956352520893252e-01
-1.757923720367323972e-01
-1.529636739616655472e-01
-1.571275315548056883e-01
-1.662369340018011177e-01
-1.615675082711155175e-01
-1.828306639722750981e-01
-1.493750641054166495e-01
-1.655411887478449862e-01
-1.927453123927771184e-01
-1.690853775927811664e-01
-2.066182166837585987e-01
-1.902751601012325211e-01
-1.843129374301483714e-01
-2.405621680762596304e-01
-2.667822626276846187e-01
-2.252313886716695301e-01
-1.847021375117308128e-01
-2.125301429697572242e-01
-1.604928767889804431e-01
-1.590998654872045615e-01
-2.178955933294524638e-01
-2.277255412293909265e-01
-2.458969743710739952e-01
-2.159609600617726499e-01
-2.348126285676330194e-01
-1.401276613602614463e-01
-1.177525184768777738e-01
-2.070784320478796237e-01
-1.905833882188413264e-01
-2.414804296754976820e-01
-1.480420220747854509e-01
-1.656842523229670461e-01
-1.140419083475532613e-01
-9.618401224104028424e-02
-1.332088322908605016e-01
-1.415236528555070261e-01
-2.645225973572959410e-01
-1.917018707633601216e-01
-1.970365375044292877e-01
-2.337904887850452418e-01
-1.030736700212612211e-01
-8.214340352272980761e-02
-1.138875974026853644e-01
-1.050062652318342338e-01
-1.403798969056826995e-01
-1.722130035799844250e-01
-1.508646689591000012e-01
-1.504153061128336299e-01
-1.220113374826502783e-01
-4.904545374915004335e-02
-4.017036400957991332e-02
-3.994831143909172849e-02
6.633602398846483172e-02
4.858626947006208785e-02
4.266189122607347839e-01
4.158625578817189972e-01
3.163608165536835326e-01
6.796432461410806258e-02
2.470576169804672428e-01
1.230192352854337090e-01
1.357511959944891766e-01
1.391376091547547600e-01
1.678921087710333604e-01
1.568455954597450241e-01
1.803098894184608780e-01
1.023492037230972068e-01
1.717704813051683932e-01
1.268871382716925955e-01
1.470093057742196119e-01
9.009468444318598224e-02
9.141835189885748336e-02
1.004712753792512264e-01
1.111117142364655558e-01
8.564824849055265032e-02
8.242323858425748551e-02
5.778904584073456946e-02
2.706335852869631853e-02
1.110530382579311831e-01
5.469618894355434552e-02
3.360649716512416341e-02
5.857301106921609241e-02
3.264780736542100548e-01
2.625664577597651705e-01
2.949541108810427859e-01
2.636789742810078940e-01
2.557848648576842576e-01
2.274794313770967802e-01
-5.786810283219467888e-02
-4.950091051228130284e-02
7.186119051656389423e-02
4.929819497140770501e-01
4.833826571907151592e-01
4.632633083771670046e-01
4.972806758609205624e-01
-1.528988733313509096e-01
-1.330452485360533732e-01
-4.244731314795765348e-02
-3.270934416465304251e-02
-4.806767229096349514e-02
-2.506606329531061925e-03
-7.264581325517087407e-02
2.910863936397748569e-02
-5.072389161972152422e-02
-1.039162407024051826e-01
4.146522312823383571e-01
3.511140608073803904e-01
3.492942038487169554e-01
3.607502019371239266e-02
7.398836849935619409e-02
-2.810236717273000839e-01
-2.048621691887790863e-01
-5.505173742000693884e-03
9.319710699239465088e-03
3.921334071704602603e-02
-8.519605481751875778e-03
3.062822691561784341e-02
6.582479640953375899e-02
8.714820810006788931e-02
7.541945937862634675e-02
-4.622099862391460499e-03
-6.682639839822872470e-04
-2.275096427228239793e-01
-6.613651496507735872e-02
-5.258293878568705282e-02
-4.050571781339870614e-02
-4.351747429868776246e-02
-7.941915713530083021e-02
-9.348052242135004852e-02
-8.007622793400549777e-02
-5.064242747563259955e-02
1.159236108311945679e-01
9.346464948815076668e-02
2.427460373502183799e-01
2.231102784789283089e-01
2.325045043642259279e-01
2.370526486759230167e-01
2.730717222350261819e-01
3.098558720517440301e-01
2.907316667827174461e-01
3.119215991364885920e-01
2.714413115593993231e-01
3.365452105191270582e-01
2.619986903168889936e-01
2.420768471080324002e-01
3.751284838957128498e-01
4.147337607857118358e-01
4.229416851861908522e-01
4.176687830899900034e-01
3.808708050482162988e-01
6.673443431277441273e-02
6.049355169637614382e-02
6.815327468501478081e-02
5.436482038017965285e-02
8.085746469087518040e-02
6.631625295322519931e-02
5.906729176910888862e-02
5.580340211309513937e-02
4.863308486057834473e-02
3.346210766716004731e-02
-5.591077979254804181e-02
-8.895388126222901481e-02
-7.718371282720164206e-02
-1.413356815243543840e-01
-1.701061221432696169e-01
-1.935368775405030550e-01
-1.513443201917434866e-01
-1.413371476849309971e-01
-1.457995392892958708e-01
-2.510319115867756801e-01
-2.324402407034535933e-01
-1.205693111067020207e-01
-1.298039370303765705e-01
-1.218929857984413084e-01
-1.093379781089396929e-01
-1.067705553499485316e-01
-1.435435888550803119e-01
-1.439867884268265785e-01
-7.869616409104279731e-02
-8.682275683241244546e-02
-9.053392130857976228e-02
-2.172008050980311078e-01
-2.176699309069216048e-01
-2.569536981275024057e-01
-2.518323511293005246e-01
-8.685030342507585321e-02
-7.196442675894337837e-02
3.958640174662338834e-02
3.987908287053096301e-02
4.464339417366566115e-02
3.210641891042009116e-02
4.035770017512190638e-02
5.778506745030293629e-02
7.230116926202220795e-02
6.366737771571151505e-02
1.413215939066975700e-02
-1.846810758883463133e-02
-1.952491119774031614e-02
-2.949028560849833308e-02
-1.630177088183338901e-03
5.223074014814491073e-02
1.886392332616247322e-02
6.706537331275173874e-02
3.054974145124977891e-01
2.840280873513246207e-01
2.691792400824297160e-01
2.818573520155032153e-01
2.297383632676535392e-01
4.251895882731877019e-01
3.789535063977569340e-01
-1.552385529243160145e-01
-8.905060663054743808e-02
-1.348468086977835101e-01
-7.638023452142142511e-02
-8.332196894587237668e-02
-2.294531007901532693e-01
-1.862865906680005734e-01
-1.511797923720873960e-01
-1.607983338586344846e-01
-1.639810583888310358e-01
-6.960301173199463787e-02
-2.669031169190022243e-02
-1.082259396580494831e-01
-1.064258467537029101e-01
-6.828077954783379200e-02
-9.128622902570784903e-02
-2.908672950058150200e-02
-1.203676794067513184e-01
-4.894860654015414231e-02
-6.336105540881008247e-02
-2.549906745616468129e-01
-6.245368371894875759e-02
-5.076678730390658811e-02
-5.116032438773090302e-02
-4.208930218091084391e-02
2.484181362341478794e-01
1.818361142765100580e-01
2.106907809874090098e-01
1.824836020976028927e-01
1.901308918482129129e-01
1.668803379290564604e-01
4.726748165116770872e-01
5.127335866938183273e-02
2.548087252761293553e-01
2.340325398278739477e-01
1.922408928564263431e-01
-1.122452667524168057e-01
-9.578483405925791727e-02
-1.105836569869636798e-01
-1.282857593937573037e-01
-1.368812344344390308e-01
-1.046601342173748006e-01
-5.995787151785514357e-02
-6.160352742620373023e-02
-4.584781324471876723e-02
-2.123091480287865873e-01
-1.854796941311056269e-01
-1.557736547018651330e-01
-1.255065005769757935e-01
2.036976151377900279e-01
1.886951901408980281e-01
2.138547092386119119e-01
4.425994928208115686e-02
-1.042153725619759802e-01
-7.448489848078297670e-02
-5.880747066240131493e-02
-7.628473544831060327e-02
-7.014418553500678666e-02
9.027419118393348318e-02
1.078238939397413859e-01
1.036608113723040542e-01
1.125333105921648563e-01
6.402913016045194694e-02
6.394478376416301568e-02
5.261677276380853918e-01
5.549813104418156451e-01
4.890817766781863085e-01
-8.137807038425988460e-02
2.653724701132585961e-01
3.036962068143918003e-01
7.071095601784097018e-02
3.488857284001582737e-02
4.302739336799109304e-03
2.163729683171990992e-01
1.820517975466459104e-01
2.026604119191368625e-01
2.115851752253339046e-01
1.764064795848440392e-01
1.544902039549741757e-01
2.027148775802048442e-01
1.643422441020688241e-01
1.824244930803753939e-01
1.608109217570473648e-01
1.501399697410200074e-01
1.469063591740239205e-01
1.392005049606558076e-01
1.679913159647488941e-01
1.616244415673656898e-01
1.587291971188405371e-01
1.622065351044936210e-01
1.417263810990109230e-01
1.512579666997867223e-01
1.339633296015829977e-01
-1.309254722800670956e-01
8.804003144984748341e-02
-1.785217116878239363e-01
