0.000000000000000000e+00
0.000000000000000000e+00
-5.618056258531772548e-19
0.000000000000000000e+00
2.117492105009538771e-19
1.606020543473409555e-18
0.000000000000000000e+00
0.000000000000000000e+00
0.000000000000000000e+00
0.000000000000000000e+00
0.000000000000000000e+00
0.000000000000000000e+00
0.000000000000000000e+00
0.000000000000000000e+00
-1.585083632241696740e-17
0.000000000000000000e+00
0.000000000000000000e+00
0.000000000000000000e+00
0.000000000000000000e+00
0.000000000000000000e+00
2.000255522346184311e-01
3.919663440579709834e-01
5.680643900641716426e-01
7.212027397818133734e-01
8.451902339625592120e-01
9.350162899310804354e-01
9.870502608371053421e-01
9.991890044404438953e-01
9.709418892561161307e-01
9.034506252107961100e-01
7.994425165402504474e-01
6.631224587855694130e-01
4.999998943375310034e-01
3.166680150983717246e-01
1.205368459515985397e-01
-8.046625835226543788e-02
-2.782170260786204219e-01
-4.647235259641218086e-01
-6.324455733080063258e-01
-7.746050318914138311e-01
-8.854560100019983615e-01
-9.605180620698504645e-01
-9.967572821756159884e-01
-9.927089303959539812e-01
-9.485363189285581642e-01
-8.660252817759073185e-01
-7.485106821531738452e-01
-6.007423001367615534e-01
-4.286927324855175359e-01
-2.393159884136778770e-01
-4.026641800892831469e-02
1.604116532241445237e-01
3.546051047057257599e-01
5.344659007833867381e-01
6.927243130278224470e-01
8.229837519444924698e-01
9.199793084096262730e-01
9.797905541268531193e-01
9.999999999999330536e-01
8.469783003752401340e-01
7.171651313836988617e-01
6.070037035009809845e-01
5.134753760177250825e-01
4.340172880283874046e-01
3.664521309803954185e-01
3.089284861192955756e-01
2.598700919580501645e-01
2.179326515989403468e-01
1.819669963433790671e-01
1.509875961997902416e-01
1.241455544152686025e-01
1.007053460278519025e-01
8.002466302979067969e-02
6.153681385948133603e-02
4.473519493337693720e-02
2.915940870717983330e-02
1.438264787377372192e-02
0.000000000000000000e+00
0.000000000000000000e+00
4.045135500351552082e-18
0.000000000000000000e+00
0.000000000000000000e+00
0.000000000000000000e+00
0.000000000000000000e+00
0.000000000000000000e+00
0.000000000000000000e+00
0.000000000000000000e+00
-8.737778606191114774e-20
2.339215640365137776e-18
-3.405398914682394027e-18
0.000000000000000000e+00
0.000000000000000000e+00
0.000000000000000000e+00
3.815410739183793586e-18
-4.154279555004051064e-18
0.000000000000000000e+00
0.000000000000000000e+00
0.000000000000000000e+00
1.015143941853994045e-18
8.344196734143760324e-19
0.000000000000000000e+00
0.000000000000000000e+00
0.000000000000000000e+00
0.000000000000000000e+00
0.000000000000000000e+00
0.000000000000000000e+00
0.000000000000000000e+00
1.939963776038972727e-18
0.000000000000000000e+00
-6.008160024859305728e-19
-4.902786474579150370e-19
0.000000000000000000e+00
0.000000000000000000e+00
0.000000000000000000e+00
1.245903026672792682e-19
0.000000000000000000e+00
-1.286465191222239411e-19
1.178891884220828554e-03
0.000000000000000000e+00
3.896094670243752437e-04
1.143887931234196902e-02
6.106857317690151526e-02
1.195040171841085935e-01
8.559789995943388463e-02
0.000000000000000000e+00
7.131155765979840799e-02
0.000000000000000000e+00
1.124744385103227384e-01
3.915264299296780659e-02
5.482626997252024181e-02
5.890715982328125627e-02
1.996405219108923940e-18
1.136453332930205742e-02
0.000000000000000000e+00
5.982353238880495395e-03
5.002852540568316492e-02
1.872194032671915809e-01
3.174923064845472931e-01
4.832056872424563831e-01
0.000000000000000000e+00
4.952114693596314510e-01
0.000000000000000000e+00
0.000000000000000000e+00
4.299548621598447418e-01
6.195851568643194751e-01
4.539890196240735643e-01
4.745514406429345855e-01
5.830594863675812034e-01
9.292000706660003212e-04
4.939842173597896319e-03
2.634267404091068798e-03
2.590812680052509160e-03
2.254877257540323452e-03
2.110137596785544370e-03
1.495025115037195047e-02
4.079671150565730708e-02
2.898409476100171495e-02
5.674855358042379949e-02
1.731519238415087647e-01
0.000000000000000000e+00
0.000000000000000000e+00
3.702705901174668107e-02
1.966243554353365799e-02
2.839660440852401213e-02
2.642734276801306237e-02
1.995234594748073603e-02
2.960678141276044256e-02
1.031564004202776760e-02
2.656631539082881036e-02
1.349974840909739723e-02
4.091936360568527997e-02
1.845598189822974036e-02
3.434706950564994643e-02
1.971694487950452490e-02
2.426092062136177632e-02
3.368674610182972873e-02
3.259929516955164391e-02
4.267422822780856523e-02
7.094062295931097273e-02
5.439225449945172403e-02
5.702993871361883294e-02
2.192658617635027118e-01
1.160124559207673517e-01
2.570662456992326428e-01
3.775439419897371196e-01
3.802412837114464983e-01
3.470235025035560694e-01
6.431684053501761193e-03
0.000000000000000000e+00
0.000000000000000000e+00
2.878125021997520600e-03
1.105692209836738049e-02
1.822309605174090782e-02
2.506000029964073478e-02
3.488822266738481753e-02
2.749237764295937511e-02
3.182949181923182963e-02
1.295446030975820791e-02
1.744789169869008852e-02
2.268370554254067056e-02
1.933996386252512939e-02
2.554737144173643143e-02
2.088000437818751318e-02
4.434855217749430339e-02
8.089516157132113638e-02
1.030397690862690230e-01
9.423495760895660156e-02
1.317326587432278151e-01
1.497568821605374523e-01
1.487593187503439551e-01
1.012927026449297191e-01
1.898141415949522182e-01
2.294451828678534255e-01
2.312069190789016182e-01
1.658528384561214208e-01
1.870159052463957750e-01
1.953730342240041495e-01
1.484767367577437824e-01
1.950933069623972393e-01
1.914899988931807184e-01
2.442692719365250342e-01
2.148751474582066834e-01
2.184263178208828982e-01
2.502145439811152561e-01
2.110235761854431236e-01
2.926287478349781299e-02
0.000000000000000000e+00
0.000000000000000000e+00
1.991850781484992908e-02
8.333700140386096286e-03
9.095996932157204840e-02
7.993267038227323817e-02
9.084024372317732465e-02
4.871988030172956508e-02
3.724783377536710488e-02
0.000000000000000000e+00
0.000000000000000000e+00
2.508044971253909905e-01
2.298420120938249878e-01
2.366141028706063298e-01
1.951847668884822973e-01
2.292264000710876604e-01
1.289519092905898889e-01
5.062454784244725392e-01
0.000000000000000000e+00
3.487784403665772914e-01
4.240662759421178762e-01
3.886218906092472891e-01
4.205735139650233489e-01
3.784934076084761068e-01
4.406502633452992757e-01
2.978916818834892455e-01
0.000000000000000000e+00
3.463501559116579087e-01
4.799763387403115367e-01
3.628359619754488730e-01
3.243307007054743729e-01
3.447617521948264652e-01
3.204766145958028445e-01
2.253356255892805804e-01
2.536094421193413884e-01
2.855626929738584452e-01
2.904466960199663106e-01
2.498456378028584834e-01
3.986367079499733568e-01
3.301770922406326303e-01
3.343712244584195470e-01
2.515841158373766651e-01
1.998916546525812965e-01
2.876511097439483078e-01
2.695340164358057677e-01
2.604797168558225517e-01
2.020200574400693172e-01
2.652973294307096608e-01
2.332970773623702920e-01
2.186152497477516776e-01
2.495900565357564160e-01
1.991338715223406608e-01
0.000000000000000000e+00
2.689460906822145336e-01
2.597228030516471331e-01
1.718761785560643240e-01
0.000000000000000000e+00
4.687788522260680768e-01
2.825153453925903224e-01
4.786335500314747166e-03
6.822423831201328455e-03
3.227347676092021111e-03
2.119333884852019501e-03
6.129168610717994348e-03
1.165763452610396600e-02
3.385132964916122596e-03
5.204213222404486389e-03
1.685292626853031848e-03
0.000000000000000000e+00
5.051613293164512568e-03
0.000000000000000000e+00
1.031665619271208457e-02
0.000000000000000000e+00
0.000000000000000000e+00
1.120020300016051802e-02
6.867964925600512915e-02
0.000000000000000000e+00
1.860052394437909096e-01
3.220995384470781153e-01
2.852201994806166652e-01
3.056173629773545897e-01
0.000000000000000000e+00
2.698911060653090277e-01
2.612403779178608665e-01
2.989233501874336008e-01
0.000000000000000000e+00
3.944611033344284645e-01
3.326832048552122445e-01
3.356698783932691721e-01
3.359639587691598539e-01
2.247413592944088462e-02
6.187540864512170238e-03
1.249073202505041578e-02
1.016236454787200309e-02
0.000000000000000000e+00
9.730840562963270768e-02
3.923573482431141901e-02
0.000000000000000000e+00
2.222990813723010051e-01
1.793506911290351225e-01
1.417201537331228833e-01
1.461915396830967551e-01
1.416537733730081627e-01
1.422130390035404590e-01
1.220382316753273605e-01
1.063613716528291897e-01
2.960124333619545411e-01
2.884345287739494279e-01
2.695496690610383883e-01
2.853090357005478861e-01
2.762740612653211136e-01
3.083381578686215652e-01
2.450312176187237623e-01
2.808806169810624809e-01
2.143039259149272513e-01
1.568263769908616601e-01
1.854323551758608468e-01
1.605123695406200091e-01
2.237282788191736482e-01
1.272951638545448405e-01
0.000000000000000000e+00
1.164006449923803282e-01
2.138812248333412658e-01
1.602134831220083933e-01
0.000000000000000000e+00
3.151908037666907303e-01
6.754736907727468612e-03
9.537823133943639994e-03
2.604715526109801366e-02
1.110274340688082589e-02
3.863128822505478618e-03
8.275736054378743378e-03
8.065593092155555130e-03
6.186448915443278247e-03
3.877217630325112060e-03
1.717239697411554120e-02
7.728178954256274304e-03
1.129433229262729634e-02
8.023874334520834928e-03
9.952900561973282781e-03
1.068991491674974904e-02
6.330048453842512628e-03
1.500729736343477290e-02
1.344914718627412270e-02
3.207619128847761982e-03
0.000000000000000000e+00
0.000000000000000000e+00
4.950099613294343601e-03
1.735173658132490790e-02
0.000000000000000000e+00
7.388797286403624674e-03
3.232432539942444588e-02
1.488226447170978850e-02
8.324396033542300413e-03
2.344356858017399015e-02
1.352536487013048828e-02
1.889979934184132099e-02
1.914332660473699876e-02
2.116404015330121055e-02
0.000000000000000000e+00
6.612763544308530340e-03
5.332766737533529110e-03
9.120644797393634429e-03
0.000000000000000000e+00
7.179460683012267759e-03
4.287978822313801702e-02
2.938768864048981744e-01
2.620833354829681383e-01
0.000000000000000000e+00
3.315657198609566758e-01
3.565431960989837723e-01
3.725967944801835130e-01
3.316659872222593730e-01
1.499648250035172381e-02
1.632410871403189648e-02
8.827496831173814451e-03
9.770672710719334464e-02
0.000000000000000000e+00
1.982091807835723030e-01
0.000000000000000000e+00
1.761063251127185370e-01
1.252657250974326120e-01
1.634175316775967057e-01
9.494265717794558856e-02
7.501550463651412981e-02
8.859675200974144460e-02
3.255310333956640823e-01
1.851723561926555406e-01
1.555704711832535114e-01
5.646189172184874761e-02
1.787732553312574857e-01
0.000000000000000000e+00
7.358323617543147122e-02
1.792887448223767499e-01
1.221155573738994110e-01
1.557270884562373670e-01
1.129475669861678550e-01
7.290308756521116096e-02
8.430891472459256519e-02
0.000000000000000000e+00
4.150356002968402444e-03
1.184514506999090160e-02
2.225040387794877117e-02
1.622810044249973008e-02
1.902995487477274553e-02
1.298645115281874159e-02
3.032587014307069201e-02
1.901478166345950752e-02
2.421064789288072949e-02
2.512302213606354417e-02
3.366845374506156896e-02
3.138466933402302844e-02
2.714978714093129950e-02
3.660001561111529689e-02
2.351761400469391805e-02
5.857553004100789912e-02
4.554599467554270448e-02
4.779631155625239242e-02
5.306097603028622073e-02
3.713045194903420720e-02
4.983871905037465938e-02
6.867181818954956607e-02
5.721941584837146599e-02
3.958962773887760023e-02
5.364389464110014272e-02
5.058841711508498679e-02
8.113617829194351427e-02
6.812242910011724606e-02
1.792653735548238592e-02
6.113581064319841864e-03
1.254056703194302361e-02
3.251761670703862388e-03
1.671103448138428968e-02
1.124211816234249248e-02
1.158982705189813903e-02
5.095831957461799400e-03
1.091902095586024142e-02
3.894103568424442385e-03
0.000000000000000000e+00
1.284075508463886246e-02
6.731699279681861714e-03
2.246965746045690229e-02
8.612812945983410601e-03
3.547690745207709388e-03
5.164426284942905815e-03
1.848255522144035684e-02
0.000000000000000000e+00
5.276276404791542182e-03
1.648317734942333912e-02
2.762370473120994915e-02
8.622339861421201429e-03
1.606709318213575891e-02
1.145399361344079728e-02
2.213191939191495525e-02
2.028122454941922240e-02
1.985210001173834046e-02
1.496217439099933183e-02
1.622470917092980539e-02
2.692170569427695948e-01
2.391920303367083556e-01
2.220402644578759188e-01
4.227817860009813744e-01
4.465911129465561236e-01
0.000000000000000000e+00
1.015739564809281931e-01
8.812584485216738706e-02
8.814705945493331307e-02
7.762860483059971783e-02
8.867097564860627890e-02
1.046280265576193663e-01
5.105130137966673587e-02
9.951207932320929594e-02
1.376937433007849598e-01
4.407555068676111826e-02
6.751623875042751799e-02
1.224979067399990101e-01
1.031184726505265103e-01
5.962930648370506209e-02
7.630247089208529176e-02
6.491264312091660216e-02
1.324883898889361866e-01
1.537533915868419532e-01
1.000777581947062123e-01
6.918445281925519885e-02
5.373620418233936852e-02
1.614639854308224376e-01
1.404187088215871071e-01
1.179108740586431309e-01
7.891093876928238771e-02
7.770209775060037127e-02
8.819315052100064334e-02
1.790433677907285470e-01
1.456274373252636756e-01
1.238682279886814258e-01
1.483373929164602256e-01
1.681155333923771700e-01
2.049924171554163288e-01
2.356991778248923308e-01
2.296179805197772206e-01
2.051747258609652180e-01
1.862436946817143946e-01
1.684218239624932778e-01
1.834694705482937949e-01
2.029613908612399875e-01
1.590440040339313188e-01
2.259229350450066287e-01
1.476115323004894841e-01
1.492389908611760907e-01
1.344042025419776298e-01
9.421927393090789860e-02
1.128326799159231203e-01
9.248090574729754543e-02
1.090837709370523906e-01
1.235018676011669647e-01
8.891624228980389566e-02
1.248476685149912252e-01
9.737905565593527046e-02
7.079739876373006280e-02
7.174574793192432798e-02
8.252649078496560042e-02
6.076335700303915621e-02
5.921905001935850316e-02
6.322558332983733986e-02
1.829088697849325929e-01
1.779904000352032223e-01
1.194255634673070804e-01
3.256668226467815397e-02
7.717309569050211093e-02
5.751896816405267787e-02
6.390447468687056320e-02
-1.654038764665493287e-03
3.479780350109506343e-02
9.131313742562788272e-02
0.000000000000000000e+00
1.065336514548677165e-03
3.187665086225547478e-02
-4.634614903150181819e-02
-1.087805154173107462e-02
1.682185786499415178e-02
3.226797487063735696e-04
-7.006128892037660760e-02
-3.541771226186223726e-02
1.140425195888259136e-01
1.072616343906751951e-01
3.477854788982622652e-02
4.261929795115114439e-02
4.257566985172887147e-02
5.962522874633962439e-02
1.219153129144619069e-01
6.688727464305845027e-02
6.026312305358988430e-02
6.023281417024993478e-02
7.766961479640234478e-02
7.052296054624580812e-02
8.314262003118427780e-02
1.133786066548774923e-01
1.160756273182480119e-01
9.612819442707210005e-02
9.719045650964527883e-02
8.707472218037115574e-02
1.066967822948067662e-01
1.005163842364163312e-01
9.520222958274930647e-02
1.076576769582904131e-01
1.308932333910854950e-01
9.293515863399988419e-02
1.194822750002556000e-01
1.095823618212912048e-01
8.079834095619899126e-02
7.978220984035341856e-02
1.577395684962874800e-01
1.269196254615385100e-01
1.140691278108019457e-01
1.095401742275600304e-01
1.299216125807459987e-01
8.947659983189969191e-02
8.781940308438659915e-02
1.404348853926981888e-01
1.507213283539811377e-01
1.043722244072296801e-01
1.081248066661561202e-01
7.502291276309867862e-02
1.391780101217310328e-02
1.082072007054605406e-02
1.028536678474655137e-02
1.525937714795444142e-02
2.237987999386478050e-02
1.735459258651369727e-02
1.884813207818099301e-02
2.297985127406461034e-02
2.992703948128402555e-02
1.406326250924866579e-02
2.118588556438611575e-02
0.000000000000000000e+00
6.044131010665979714e-03
4.572861981644910090e-02
2.354064231192025403e-01
3.838894630406922692e-01
4.104187765990220393e-01
5.851615681385657214e-02
6.261725387875369253e-02
2.809166567233140413e-02
1.279542319471228540e-01
1.264932733604703652e-01
1.087996455001087881e-01
1.066538880446422921e-01
7.826214952245560963e-02
1.845951097462304180e-01
-4.812823134747956644e-02
4.416746416619488080e-02
-9.170960341654746731e-03
1.576747188568543290e-02
-1.266148307781420068e-02
1.961554166554617049e-02
-4.780277760501580597e-02
-5.208926392102135317e-02
3.602252405250414014e-02
-2.801079459447296596e-02
1.407537673380720167e-01
3.033867182145789237e-02
2.360034995291294263e-02
4.029518954013238535e-02
2.884883962212309375e-02
2.792398507336500343e-02
2.206167912025771075e-02
3.745169612939362042e-02
1.822468089711185707e-02
3.172042272389687806e-02
3.093896536376831291e-02
2.657983636166573460e-02
3.704216119647170402e-02
4.546129359196462300e-02
4.048272175616011992e-02
6.871817569408654458e-02
1.499238493277718354e-01
1.320501905773562024e-01
1.326293212817269418e-01
1.874790935741882658e-01
1.476791500205329177e-01
7.409055258572375124e-02
5.720606623851091921e-02
7.293188208977734177e-02
2.807053342209719221e-02
2.416962136900297625e-02
2.752061688770592388e-02
2.370250866984483298e-02
3.844146620343201481e-02
3.231533708898477047e-02
3.508728360873620417e-02
3.501130796114074184e-02
5.045226058500616034e-02
4.084928821406484667e-02
7.598024051344339468e-03
3.721108541702624912e-03
0.000000000000000000e+00
1.088860625587043281e-02
6.637281318485345818e-03
2.994364597405161157e-02
2.389390400086023325e-01
2.118873637919006792e-01
3.973835333197595632e-01
3.893279977775953027e-01
5.196322017904208002e-01
3.694868862724036696e-01
0.000000000000000000e+00
4.137816161437949947e-01
4.489290050904818363e-01
3.578226836936414523e-01
0.000000000000000000e+00
3.034568264334081000e-01
3.487240536046413153e-01
3.442577291542572304e-01
2.687531652445621089e-01
3.534253081596375745e-01
2.870868886775706508e-01
3.223124819224331694e-01
2.767015984032850096e-01
3.172774475120032078e-01
3.156253673077221156e-01
2.607868363119884014e-01
2.350963855888825449e-01
1.966748350438406456e-01
3.429277568527158704e-01
3.116492577557102295e-01
2.439571988449545370e-01
2.761434984234400480e-01
2.473896045869922455e-01
2.627627503253244790e-01
2.703117954774096887e-01
1.895597173868317498e-01
2.848780365958383798e-01
2.272242658763010681e-01
2.547097159065969674e-01
2.109853253618742541e-01
2.336064562768860320e-01
1.715412254939584769e-01
1.989352460149833579e-01
6.870168278668237205e-02
3.990262230587900139e-02
1.357910187688856074e-01
1.511690368056153311e-01
9.051092324160292524e-02
1.084626476179472304e-01
-1.362509281814352005e-02
4.473582906435154272e-02
-2.926665522241573072e-02
-1.389260490567407746e-01
3.869361993167670655e-02
4.781605725338095719e-02
1.662082643752470501e-01
1.790184404115053030e-01
1.726041502287969931e-01
1.621212255291565041e-01
1.921171554943545412e-01
1.620118751485040143e-01
2.098975564324353504e-01
2.036440729657409687e-01
1.407579241813821103e-01
8.910267622883308314e-02
2.834884790108936972e-02
2.399482974858253501e-02
3.212038772181208951e-02
2.734130362865278344e-02
3.301026538642855973e-02
3.945241963760565823e-02
5.204573211470792798e-02
4.709265715227358567e-02
6.364243242083950092e-02
4.313142195932182649e-02
5.593281139454664430e-02
3.946743942920217380e-02
3.845010902721518464e-02
5.433307419045198261e-02
7.064354820278659353e-02
4.344133253549506413e-02
6.150037026323389860e-02
6.302180930336039044e-02
4.740599780224617754e-02
7.002572319039640503e-02
5.896777502108643126e-02
6.135623640912764298e-02
9.683229671694940088e-02
6.314561701329372834e-02
5.400464417643732057e-02
8.265277210423085941e-02
8.211728381615543415e-02
7.406406650104252476e-02
7.148265439486770068e-02
8.800624238883926476e-02
8.881118706612350922e-02
8.524912360942375755e-02
6.805557383396171334e-02
7.945780136889307732e-02
1.193300040951966734e-01
8.948448061911955242e-02
1.040562553146845565e-01
7.893454748951846123e-02
7.528516108943057727e-02
8.536651249931083429e-02
8.190970229508150180e-02
1.053724432397326605e-01
1.330014666144983537e-01
9.953010895913318168e-02
7.915192694931542927e-02
9.775379417627844125e-02
1.195190348171427525e-01
1.151766033903245251e-01
1.373270702746965388e-01
1.202556010618392457e-01
1.499617084651400922e-01
1.330477567409561190e-01
1.373573969459870314e-01
1.410759393150416707e-01
1.400241056974465825e-01
1.585160738252431589e-01
1.685361019232840263e-01
1.512158575880828970e-01
1.851457534920809278e-01
1.634554853903444349e-01
1.066467312895785918e-01
4.682142772529677283e-02
4.757409119073850723e-02
5.460729374748885673e-02
3.926840460356274126e-02
3.551762107157977605e-02
3.868973131149590697e-03
0.000000000000000000e+00
2.353004418279334639e-02
2.611636147993787876e-02
2.997762732093939980e-02
3.792182208827326456e-02
4.002519651886379121e-02
0.000000000000000000e+00
3.907433454320999866e-01
3.640842751937873323e-01
3.750106261858467405e-01
2.980788284265549204e-01
3.088998434679539051e-01
3.203099905390132118e-01
2.032139697597484806e-01
1.937343682020275792e-01
7.019820222998163217e-02
8.650864226420484915e-02
9.068939848527197978e-02
9.875364965619658209e-02
3.580553152172868264e-02
4.745045359604990742e-02
1.100858756069622163e-01
8.304062310772777900e-02
-7.740329342126437860e-04
-2.832687577214997379e-02
6.836660724561938185e-02
8.685629709401482268e-02
6.959600805150359393e-02
4.141129989353654894e-02
1.070665230947520641e-02
2.905973607415974352e-02
-9.892247429032915984e-02
-1.012718289207161365e-01
5.016427930341604141e-02
5.912198840395543192e-02
6.600189434049248682e-02
6.765866994279207125e-02
6.185201390499289048e-02
5.584160098280124135e-02
4.817440353436640982e-02
5.587601976052457287e-02
4.372691111395698299e-02
1.258622499925453608e-01
1.455404284395403480e-01
1.896088319195535221e-01
2.152415281557599758e-01
2.015869113111922184e-01
2.386715450372688951e-01
2.230210445376063499e-01
1.832799427318364538e-01
1.850964636943142894e-01
1.526367822835588417e-01
1.769853850075042145e-01
1.658410093421241460e-01
1.815365166797338614e-01
4.602488223110121068e-02
4.076639340216708929e-02
3.611266560508103601e-02
4.216417618936078859e-02
1.861957603151066093e-02
3.606426043685500432e-02
4.356525739349043774e-02
4.626763610536084870e-01
3.592745330804951731e-01
0.000000000000000000e+00
2.931712982325050953e-01
3.323911195588972189e-01
3.131112184171584434e-01
2.066546745799816009e-01
2.268025443202018876e-01
8.198459988063078185e-02
6.928466629802887411e-02
3.625987656950635518e-02
5.006145987320125001e-02
5.345947708909731810e-02
6.587298899273659990e-03
-3.503383930519542860e-02
-7.350088889469008624e-02
-1.619243524238270227e-01
-7.219124139264687656e-02
-8.333450310821841067e-02
-7.328569260973936961e-02
-1.149441117498284648e-01
-8.670087177070737172e-02
-1.005919170065853185e-01
-1.766497345789403983e-01
-6.927944797866611437e-02
-1.426978458054511401e-01
5.509443608639624096e-02
7.001906433983386135e-02
2.159208097829719564e-01
2.297754932067554157e-02
4.199227736241348957e-02
3.469041398914636531e-02
2.550706977875207004e-02
2.400802776266313665e-01
2.058360163593064007e-01
2.602217492173053426e-01
2.469660404134084442e-01
1.280357573505409019e-01
1.849738440091436564e-01
5.310925241117601253e-02
5.089649946214219733e-02
5.758175958488949420e-02
7.222838933835071251e-02
3.871723322221977404e-02
7.306589075583432014e-02
2.067229845664073432e-02
2.752940618192374275e-02
3.741834643871849719e-02
8.967733062249089171e-02
7.454809899628878078e-02
6.448086740817611517e-02
7.860646763626546324e-03
2.372507434151817710e-02
2.467886319143905785e-02
1.582832838045492713e-02
2.310640346033404971e-02
9.851143362841156131e-03
2.892502059458074148e-02
-2.472095413491065888e-02
-8.057380576435849845e-03
-1.224929801641963349e-03
6.407917403733468485e-03
9.251038591013061030e-03
3.973759566090486611e-02
2.197926463572851333e-02
2.129260246648262411e-02
5.770253648810307751e-02
5.115316910532862610e-02
4.373471417578787823e-02
2.953280298088722597e-02
4.010363372441975299e-02
3.493547879407080808e-02
3.093469514063265646e-02
3.340452156129566919e-02
-3.330053729243262484e-02
-1.174299110380700450e-01
-1.006821633435896063e-01
-1.547513420513471349e-01
-6.154844606216392650e-02
-1.024050877809046523e-01
-1.282302765109789300e-01
-2.334343052383196782e-01
0.000000000000000000e+00
0.000000000000000000e+00
-1.853392461259712465e-01
-1.895845652409531290e-01
-1.945487796612331843e-01
-2.003227376741359700e-01
-1.849778893285995984e-01
-1.415460914395667846e-01
-1.201171301368479105e-01
-1.917538022336869596e-01
-1.007209590206615268e-01
-5.992014848805596317e-02
-4.560831116811960712e-02
-6.927464215753446897e-02
-4.970764604498633527e-02
-4.886092562013417268e-02
-7.369214791568266809e-02
-2.502675352699118214e-02
-3.419136676047516282e-02
-1.296572906032953526e-02
-7.310675462761191679e-02
-4.973178713002365456e-03
9.550557317867414131e-03
4.030705858183481621e-03
-1.789889568352176497e-02
-9.713435776123534662e-03
-1.595437785224018690e-02
1.142264446926393069e-02
-3.981687265054319885e-03
-3.404224103286601633e-02
-1.849472910110105950e-02
2.564016938754817149e-02
1.958850258402286548e-02
2.682723817680247869e-02
2.197904198804226383e-01
2.008116713397524455e-01
2.993006360480638395e-01
2.772082873366866762e-01
2.460985109213368882e-01
3.477384892214698819e-01
2.634452753843958273e-01
3.609223737232433171e-01
2.912682594925768975e-01
3.041779983847762714e-01
0.000000000000000000e+00
2.143508976413205924e-01
1.401674801674300808e-01
5.373585477690446394e-02
-1.276523202031055841e-02
-2.866314027876838352e-02
-1.293300456336013600e-02
-9.956049395849314934e-03
-2.528297532333473666e-02
-1.205661726090205338e-03
-1.737396251091865781e-02
-2.124630918977974889e-02
-1.520055111421883542e-02
-1.985534865766190940e-02
-2.159389159993355817e-02
3.310773124029792180e-02
3.497865187118657376e-02
1.958138337324478659e-02
4.435934663008301443e-02
2.587212118674864225e-02
3.913977539637174263e-02
3.018600217720245407e-02
3.612747826949719299e-02
3.158122862890021948e-02
4.047028128039285855e-02
3.670282257797939651e-02
3.831462269490621547e-02
2.856102249594286852e-02
5.254269292271242925e-02
2.933211507165155510e-02
-3.149751504808124408e-02
-5.051720825593628006e-02
-2.554881040310775231e-01
0.000000000000000000e+00
-3.114113346366083612e-01
-2.787335231449039608e-01
-2.539075950132224646e-01
0.000000000000000000e+00
-1.803150350600018770e-01
-1.521562930904779842e-01
-2.418049169893386752e-01
-2.057959251976637371e-01
-2.293231226485530627e-01
-2.099295377934703166e-01
-2.000208688815681979e-01
-1.719114992576585843e-01
-1.365714216584500151e-01
-1.786842394975494963e-01
-1.593788038469537427e-01
-1.882746421010004223e-01
-1.904612910512532287e-01
-8.487502338073282804e-02
-8.379339002789307211e-02
-1.189851244563746718e-01
-6.494171564969535015e-02
-5.016622373560293557e-02
-3.657594225706885249e-02
1.321715610273736970e-02
2.989953087719101829e-02
2.336022933784563660e-02
3.427998335110372247e-02
2.163659375913641603e-01
1.521093648433112788e-01
1.809809650724232555e-01
1.622515608019328426e-01
1.799861557296267844e-01
1.649777560195118953e-01
1.108489893479180366e-01
1.554001618220987035e-01
1.544017458960405265e-01
1.364767630694852241e-01
7.716199245619499714e-02
1.079939311285406794e-01
1.741462832094939073e-01
1.114660123997203850e-01
1.546794096828101317e-01
9.157691268490240899e-02
1.092230169241603377e-01
1.347556636832539789e-01
1.550044656010255151e-01
1.245479439832298113e-01
1.425663172292136183e-01
9.246163017293552999e-02
9.102073927997249292e-02
1.846310253981320662e-02
6.109345199727353459e-02
8.317260995535531720e-02
8.715577851105082985e-02
2.581930560558032967e-02
6.989246010045625790e-02
1.720588119677009253e-01
1.455189709250865604e-01
4.014816801367834115e-02
5.971632570926442563e-02
9.589078176152551758e-02
3.417786389423922017e-02
-2.191750808657935701e-02
9.519076791816851249e-03
-4.510775597474197575e-03
-1.028897059364451416e-01
-3.385483408089507568e-02
-5.332634488156137720e-02
-8.544808842424362130e-03
-4.275203772957592713e-02
1.578459621837452476e-02
1.119747197138564326e-01
2.810599269541505865e-02
-2.137605574591542115e-02
6.979505491798122796e-02
1.257262780361966259e-01
1.312864030047947994e-01
1.062736172672639895e-01
8.086296226074969618e-02
8.821389296695247850e-02
4.220146136708573248e-02
6.538207275374989524e-02
7.239272184271580701e-02
3.282874399559439910e-02
5.506071076839350736e-02
4.243385811651122219e-02
4.514864379150587692e-02
6.758514742833177102e-02
5.045886553428299143e-02
1.404899705875791438e-01
1.167230031354146574e-01
-4.039221334527530634e-03
2.130462321943510373e-02
7.590681437950392478e-04
1.497583715156845796e-02
-9.504546420810520979e-03
1.084635857413135812e-01
9.384053213510351599e-02
9.853081729166557334e-02
1.935073565137726548e-02
2.209205976540437946e-02
1.030701156361696069e-01
0.000000000000000000e+00
2.483814031640597109e-01
1.400977068855713964e-03
7.235288870554034552e-03
-6.550918275255670879e-03
-3.512827214954252625e-02
2.554940400983630663e-02
1.901272149641803494e-02
2.431017332552403223e-02
4.567286544886799138e-02
2.982976242628463878e-02
2.758892703004094116e-02
3.639716006275293958e-02
-2.219402909373864308e-01
-3.051838708701399838e-01
-2.646249580956240854e-01
-1.165249806455015968e-01
-1.109799705319664126e-01
-1.296819828809197550e-01
-1.001987197479625863e-01
-1.497221895584218143e-01
-1.663724785191841582e-01
-1.344933731761652485e-01
-4.517177662749485845e-02
-5.378905141867180301e-02
-3.724970562178674810e-02
-4.775607089101872871e-02
1.014037878917186698e-02
8.366465335029013226e-03
1.758239714715157526e-02
3.780829009597062168e-02
2.787244243646977426e-02
1.962739518260885052e-02
2.302097719604366544e-02
1.269822776731435558e-02
1.855700596968242605e-02
4.237071922034454236e-02
2.343764096406746322e-01
0.000000000000000000e+00
1.881471140498921502e-01
1.216547835756942586e-01
8.214056114112014417e-02
-1.050296819797683634e-01
-8.243028097339098748e-02
0.000000000000000000e+00
0.000000000000000000e+00
9.293128642370689085e-02
5.884580666834628160e-02
1.520345406032324286e-02
5.296005790987572646e-03
1.791821113549806055e-02
-6.851744068053010166e-03
-1.422029675406383253e-02
-2.696845078024161235e-02
8.858406395435688627e-03
9.444989642814295705e-03
2.449207937304465066e-02
3.462670596509185433e-02
-2.928958921104570234e-01
-5.826174453780696288e-02
-7.728407637842411859e-02
-7.061525741276966639e-02
-9.700809338333882259e-02
-6.466600046418777281e-02
-8.435201586138925400e-02
-8.606424628685918621e-02
-6.585263753093252570e-02
-1.049330506189348061e-01
-6.340069610471019135e-02
-9.255967079856664004e-02
-8.247409893756689481e-02
-9.932095805122101440e-02
-8.398278850015877817e-02
-8.271181345762611270e-02
-7.374573121559302447e-02
-3.899236759866295948e-02
-3.472457723397948115e-02
9.271839913726197605e-03
4.395514471564437343e-03
1.322434394401247187e-02
1.206034583858408421e-02
1.664307610172166552e-02
1.143146083937019060e-02
7.079345569359145676e-03
4.133519982015580047e-02
2.075802176455019896e-02
-9.629104832732077179e-02
-5.263683654468034878e-02
0.000000000000000000e+00
-4.802897657072852100e-02
-8.004133252608890137e-02
-1.579166421685423982e-01
-1.140984209056563337e-01
-1.412612885763140091e-01
-2.160078851477365558e-01
-2.424997034927272865e-01
1.741880455330144879e-16
-2.420018703757148004e-01
0.000000000000000000e+00
3.399295821576668597e-02
5.546581979213423275e-02
7.171475820229347709e-02
6.080728393281663313e-02
1.229238863101873164e-02
2.444412709195705261e-02
2.192823009551999117e-02
1.935771709772760030e-02
1.178820740526791491e-02
2.579958947975937930e-02
1.429630056113399307e-02
1.072779870125730589e-02
1.716828570544564388e-03
1.680790742144806435e-02
6.358193491981574234e-03
1.455094000783227655e-02
2.015909778619793050e-02
1.396938819612160085e-02
1.963882565814223033e-02
1.234423758423801656e-02
4.242571955089909606e-03
8.924091849870611701e-03
1.215405745244844612e-02
-1.291321791403725848e-02
-2.167775453367011898e-02
-2.943034342233291287e-02
-2.550604894155282173e-02
-3.777424821692389884e-02
-3.204064650917598511e-02
-3.198225331052913234e-02
-1.900252977636375518e-02
-2.415659390790036651e-02
-1.895732174736941555e-02
1.428793618964272448e-02
1.303361358961127418e-02
1.057890605251536956e-02
4.425068953874829701e-03
1.426652620585869453e-02
1.536992553343302127e-02
1.555985920461788047e-02
-4.669961547345179848e-02
-3.054866415710600497e-02
1.506047655017196674e-02
1.887932362088106178e-02
1.572506740676762535e-02
3.966524471611390483e-03
5.188448717503296378e-03
0.000000000000000000e+00
8.302902641792534941e-03
1.149150916597465114e-02
3.992577752586334155e-02
2.216696762088719852e-02
-8.665873017798826627e-02
-5.827672479429004543e-02
-4.454040402449746527e-02
-3.075269935563566120e-02
-7.095347761467325765e-02
-3.664327315735763785e-02
-7.465293913811085758e-02
-9.812887309477787146e-02
-1.706481920218306803e-01
-1.330895420727699341e-01
-1.334354891613011018e-01
-1.383440309563236381e-01
-1.203158450952984404e-01
-1.641668704825074432e-01
-2.065433604564734238e-01
-1.835349512575455422e-01
-1.216521948880525533e-01
-2.894874117129251911e-01
-1.924143043524305374e-01
-1.833116531595893606e-01
-1.240512389786455477e-01
-2.637502812554693987e-01
-1.709822762070132562e-01
-1.230472614695164307e-01
-1.453238858715047155e-01
-2.427305948396583923e-01
-1.608880123314172794e-01
-2.878061119057440803e-02
-3.393758389761808991e-01
-2.925501101377981916e-01
-3.176336516143070110e-01
-2.833383846568963693e-01
-2.269449783429525469e-01
-2.174276810797056980e-01
-3.592652832547036934e-01
-1.999721847074731329e-01
-3.334909526351920728e-01
-3.062195553827528061e-01
-4.023118144582654709e-01
-3.279530777898597149e-01
-3.521972440586107478e-01
-1.953777066038717425e-01
6.582962982990822609e-02
8.053486556408090413e-02
8.139869172436746403e-02
9.680972881901431584e-03
2.658307716599976958e-02
2.752656540298462073e-02
9.994861160195175117e-04
8.963955368418907374e-03
2.186788874728437526e-03
5.291813797824045790e-03
1.186081360161564922e-03
-6.416271896380242902e-03
-8.272037603510293269e-03
-2.240155132859900349e-03
-3.227277498044351604e-03
-4.122591432919647109e-02
-3.391380669203596099e-02
-4.953432870314914555e-02
-2.700683908183986251e-02
-2.345564404512019002e-02
-1.870484460387157252e-02
-7.916236192670187202e-03
-1.067904066242230353e-02
-1.495660394633333522e-02
-1.216562962899476324e-02
9.920273956549600231e-03
6.822681612704150148e-03
2.572567290039776047e-03
4.124828006848085989e-03
4.032111213755454641e-04
5.481624451223258455e-03
1.997665903142616280e-03
7.014403803982755155e-03
8.835901514190351927e-03
4.369019318548164436e-03
2.133159783271955899e-03
4.618425558531986616e-04
1.071407630465971532e-02
1.308880190574958054e-03
0.000000000000000000e+00
3.222681109317308053e-03
0.000000000000000000e+00
4.731798713050410984e-03
0.000000000000000000e+00
5.666209997080226719e-03
4.861650495366622200e-03
1.198598295572602355e-02
0.000000000000000000e+00
9.073201081943991012e-03
2.215990545605886833e-02
1.521052963442471630e-02
-6.017827083595880117e-03
-1.150506100781547745e-03
-7.348931032055196211e-02
-9.728999940235674715e-02
-7.519022304982435345e-02
-1.025679549613240232e-01
-5.454145333105418075e-02
-5.960656366021317015e-02
-6.213804012378738167e-02
-8.011763353518361330e-02
-7.123211855912121859e-02
-5.918380951603653684e-02
-2.773555555511802301e-02
-4.278697266675251382e-02
-7.368446020494442972e-02
-2.681466422945695191e-02
-7.003922205029981807e-02
-3.692669520587891357e-02
-6.624819062968936856e-02
-4.351929691932889671e-02
-1.442847934768765605e-01
-2.224217515699282999e-01
-1.966635241642068765e-01
-1.346810835187491236e-02
-1.445409110758472462e-02
-2.413636829955493127e-02
-4.294616300370827922e-02
-3.777795880175283116e-02
-3.677658137467160193e-02
-5.010707035778010077e-02
-6.115807215400823754e-02
-4.900481188593191345e-02
-3.163819902673046247e-01
0.000000000000000000e+00
-2.774099146036210217e-01
0.000000000000000000e+00
-3.904570895276712195e-01
-3.649063106147162339e-01
-4.086061672878585349e-01
0.000000000000000000e+00
6.863912505351525695e-02
7.310567311678028979e-02
8.252685347745354616e-02
9.250501801673560731e-02
1.130209489593421851e-01
1.185723689353341131e-01
1.343295548191340005e-01
6.164828428446363778e-02
6.351035565525665894e-02
6.688842267054924406e-02
1.086228130380650220e-01
1.255169368534771179e-01
7.324286024650122906e-02
7.400722071651337497e-02
7.397557117843116259e-02
6.528473217029827358e-02
5.043734008356202947e-02
7.107120947739996308e-02
5.928943939157056003e-02
1.578952186011222877e-02
-8.156955796161447989e-03
2.121039788607749325e-03
-4.585308729922061774e-03
3.269164482355619607e-03
-1.717898105357229532e-02
-1.304768179980303304e-02
-2.279245803341885604e-02
9.570296209752219771e-03
-8.117587603236364399e-03
-2.768494740452469641e-02
-1.517833045458480239e-02
9.695940401420122950e-03
-4.795395308108909953e-03
3.392498420217772339e-03
-1.731028297534387833e-02
-1.046722430113403678e-02
-1.168667734804577051e-02
-2.479625640672375800e-02
-2.344154118256676356e-02
-3.699286559118795253e-02
4.113885392077336334e-02
5.264995777099792246e-02
3.531024416218443707e-02
6.372927945025226061e-03
6.039787961078482009e-03
-1.007007507402535437e-03
5.731034220616056107e-03
-4.528441595751162702e-02
-5.169603037825515335e-02
-5.827736091583362449e-02
-5.687047664709730943e-02
-6.577381157368225595e-02
-4.779474158697199354e-02
-5.830301497774183911e-02
-4.247885470058596763e-02
-4.169614694325542159e-02
-2.384731408608429040e-02
-2.897201782513397772e-02
-7.335659761146474424e-03
-6.036028092534965507e-03
-8.725692760754002932e-04
-1.188638059516709377e-03
1.813339631664968281e-19
3.747824104018752239e-03
6.436718852715371531e-03
0.000000000000000000e+00
1.648493782984250186e-02
1.532664784672561897e-02
1.718421298588421187e-02
3.695447998773494173e-03
8.799942064184286192e-03
9.813503197634633815e-03
1.434665043399153787e-02
1.343232615971134622e-02
1.034353280955833954e-02
6.708700647750679216e-03
8.374842626350848971e-04
3.338356809739493562e-03
-1.866362933587766438e-03
1.430258969816043495e-02
1.272748028014127411e-02
1.548708221994295545e-02
-8.381706563851586134e-02
-1.203736326259606526e-01
-1.499553619662774007e-01
-9.534680169428498553e-02
-8.243034332064268221e-02
-9.293003107581722377e-02
-8.578822257431613363e-02
-3.346342175958932214e-02
0.000000000000000000e+00
-3.122970424213856733e-01
0.000000000000000000e+00
-4.377186567999097888e-01
1.230932424563095512e-01
5.149716422959849105e-02
5.673001489514411383e-02
4.976084227316729391e-02
4.709175615332448356e-02
4.672690057760021942e-02
5.253718213095649042e-02
5.470293639311692852e-02
6.543526768479032696e-02
-3.195907136949809740e-02
1.524835312306434395e-03
-1.178759044676053799e-03
7.911002799134625105e-03
1.994633497525983429e-02
-2.642508926748581856e-04
-5.469691398677447441e-03
-4.608842025231425440e-05
-1.722854670477162384e-02
-1.874237400869712203e-02
-1.705850273636124251e-02
-1.532411532185423177e-02
-2.450868593372420093e-02
-3.798328920108263312e-02
-5.392762577326760953e-02
-5.404949736796658966e-02
-4.458843941104754377e-02
-4.601784244351229958e-02
-6.108141395457407363e-02
-4.434871493882849153e-02
2.821044147274965469e-02
3.997079121548510056e-02
2.458603679894869748e-02
5.164421720867881649e-02
4.784950677764331084e-02
5.587627148086726780e-02
4.180073675969098179e-02
3.992243074629582555e-02
4.094874206510566023e-02
-3.672709417575815202e-03
-7.167539372432808753e-02
-3.764003746168850112e-02
-3.622211617321002830e-02
-9.060648721969568470e-03
-1.281289338752795992e-02
-1.278820158341951833e-02
-6.266684595138853143e-04
-3.281593426898809888e-03
-3.153435321212633320e-03
1.530848760382611711e-03
2.773216876388169289e-03
-2.062968534393093401e-04
0.000000000000000000e+00
-5.872330855292307722e-04
-2.271349036793897554e-03
-2.814178076527463373e-04
-1.319426716887192250e-03
6.061669562762967518e-04
9.754058724004652584e-03
-1.711618368503416421e-01
-1.609660010789442375e-01
-7.406448881006437446e-02
-1.149446876912588039e-01
-9.863056821877434766e-02
-1.132510572147989725e-01
-1.427739811966038386e-01
-1.289151047573799114e-01
-3.612816233228448026e-01
-4.102605235016982266e-01
-3.617435013895528018e-01
-3.916490946246328209e-01
1.711519465808501381e-02
2.800338687645301944e-02
3.164685653343657368e-02
-6.512194931817533519e-03
-2.343898934421186422e-02
-1.876171462478350496e-02
-9.400288326966104932e-03
-1.356053070585991858e-02
-8.294743940700094464e-03
-3.203969100558244631e-02
-3.649880826446857268e-02
-2.693012567277755856e-02
-2.942291159567264267e-02
-2.832513849670263706e-02
-3.501358628625091118e-02
-2.347785206197375296e-02
-1.908144964175578773e-02
-5.906299921537114250e-02
1.664695809856239078e-02
3.986275060968649808e-02
3.080000059927719830e-02
3.447946374900905803e-02
3.669326508837073703e-02
-6.526833511740087745e-02
-6.349805597165779358e-02
-7.661101851206006397e-02
-1.049524998030944845e-01
-8.791872145473340894e-02
-4.254670180366323939e-02
-4.172082002007311552e-02
-4.938892798354881097e-02
-3.422590807983790645e-02
-3.231969427257642968e-02
-5.266455861962716228e-02
-4.869602352567604930e-02
-1.205024523080434895e-02
-5.480210981977685046e-03
-4.919442923599042297e-03
8.446374542745606687e-03
3.587113976542262699e-03
6.089579833733652775e-03
4.014819822097312300e-03
4.466926608951786969e-03
6.041008145899813553e-03
3.466243480665653909e-03
0.000000000000000000e+00
6.340483328624913796e-03
6.632349527070253818e-03
1.756655931189793438e-03
4.136384999306167223e-03
3.127138344608414514e-03
7.916158388410551730e-05
8.998695709749297443e-04
-2.147648480262120269e-03
-9.943745180205701417e-04
-1.010003062704004084e-01
-1.713182917561194007e-01
-3.985826134536067378e-01
-3.119647240046824477e-01
-3.685410180404213865e-01
0.000000000000000000e+00
-5.410721782064480401e-01
-3.912193247281642305e-01
-3.934509279575622298e-03
2.030544970107091025e-03
7.726739707034862778e-03
-3.686513496033314019e-03
-1.639856040957810793e-03
-5.273788496519959436e-03
-4.982956377701870838e-03
-6.726770122538289383e-03
-1.053990179140436127e-02
-1.057486680434485855e-02
4.515491791037271226e-03
1.019266784243312574e-02
-2.594152886378034949e-03
-7.679377844589923424e-03
-4.648882152663276132e-03
-1.487438178220526139e-02
-3.067313787616585130e-03
-2.804940476081901023e-03
-1.862040857882574577e-02
-1.415364573685099457e-02
-3.264826827145612172e-03
-1.223484986708091912e-03
-4.175766659426421307e-02
-5.244066444342785488e-02
-4.604022960800566167e-02
-3.910638540832066246e-02
-2.852114623932801990e-02
-6.373226175655828663e-02
-5.305887156959009088e-02
-1.024154254039895684e-01
-8.310724870396819786e-02
-7.750811460043496859e-02
-8.960986783939337008e-02
-7.232189665276535229e-02
-6.000636755453351429e-02
-5.962912370552089086e-02
-6.935111685664323289e-02
-7.437699561890094568e-02
-3.487536743434167114e-02
-5.851039115572004984e-02
-4.403897867471867622e-02
-3.864172343593508252e-02
-5.042271863790087627e-02
-5.333338855321250599e-02
-5.443648164176229792e-02
-6.204815052381582735e-02
-5.965895374352926661e-02
-1.460311858229648013e-02
-2.770378711449339535e-03
-4.503301849118643806e-03
1.884379195173549893e-03
0.000000000000000000e+00
7.997257516207215448e-04
-9.040678322859767302e-02
-1.681756359159491121e-01
-1.526797960213979177e-01
-1.630311507222042544e-01
-2.215469190204495398e-01
-3.135002510219856431e-01
-3.421637223713082099e-01
-3.241220765875027499e-01
-4.092390232935992356e-01
-3.666851885306300907e-01
-5.119661867434613933e-01
-4.127071536656685136e-01
9.433714294723556146e-17
-1.271695423752992318e-03
-1.580783504167815453e-03
-7.328687461189795950e-03
-4.391038797063050864e-03
-5.777321204662981199e-03
-7.672562138045312986e-03
-8.585919910838157518e-03
-3.595337052227826329e-03
-2.093872706891946982e-03
-1.412313043468466783e-02
-2.979171383552123731e-03
-1.057265207438290965e-02
-9.797304852415634341e-03
-1.347227337473220175e-02
-1.125988226652327277e-02
-1.530894392184910593e-02
0.000000000000000000e+00
-6.217947118419727727e-03
-6.066287473694242753e-03
-5.916306869822181812e-03
-3.229060150405674203e-03
0.000000000000000000e+00
-1.068859724242061070e-02
-1.681139069686427012e-02
-2.361345009848147408e-02
-1.566430431027724529e-02
0.000000000000000000e+00
-6.998599091547436091e-02
-3.651901685391296254e-02
-5.121247123067210194e-02
-6.116099147689760263e-02
-7.105399985821388154e-02
-8.250597606069991208e-02
-6.026997055909250056e-02
-5.379510307219888265e-02
-6.168341657840756276e-02
-5.885959057520604581e-02
-5.074429590980214511e-02
-9.204804961640303262e-02
-7.979636068479604993e-02
-8.900295068997607362e-02
-5.594903155769669761e-02
-3.868471657436303029e-02
-4.858952686035607899e-02
-4.252899685191444124e-02
-7.803577116280883963e-02
-6.831981807455721201e-02
-9.897332764439685515e-02
-4.825522060403063945e-02
-1.016141534504610144e-01
-9.838515576698148024e-02
-9.029786319654010962e-02
-7.849999343021812903e-02
-1.373730769918110606e-01
-1.242014442385886985e-01
-1.167737141362029663e-01
-1.109312520941658359e-01
-8.954955589021709739e-02
-9.609785194606669523e-02
-1.371167549769667926e-01
-9.848323192045360663e-02
-3.717010697328330948e-02
-1.908442003271640375e-02
-1.548324510960446924e-02
-4.014672807232129610e-03
-2.115695885365177342e-03
-2.173617846538144788e-03
-5.835525035965320392e-03
-2.643125693002361300e-03
-8.309289212399508656e-03
-1.166637028530509781e-02
6.631785618490317622e-04
2.481188962268138926e-03
-4.681942859991847401e-04
2.440566105650590623e-03
2.322540119247950842e-05
-1.145406370268480878e-03
3.932104909577516239e-03
1.599888919974306635e-03
1.806959058639042749e-03
5.468710668033285914e-04
0.000000000000000000e+00
0.000000000000000000e+00
-4.577983247444401978e-04
1.240624888133798343e-03
-8.360923826244674728e-02
-1.103345915873759769e-01
-1.589076062053548788e-01
-1.350325986776174381e-01
-1.964775350721312819e-01
-1.934849064705528032e-01
-2.198062341681134568e-01
-2.569541140597711437e-01
-2.562735562037783965e-01
-2.548380960918575355e-01
-2.884150907227086558e-01
-2.683481755655452439e-01
-2.414157701337147077e-01
-2.169924429467463001e-01
-3.335428066041457584e-01
-2.357165533983406891e-01
-3.446662464271416093e-01
-2.920283126217684821e-01
-3.315654267234359742e-01
-3.519420256565738425e-01
-4.273042533745926574e-01
-3.279791219515776901e-01
-2.812368000657308187e-01
-3.616543700396804839e-01
-3.416273278915771816e-01
0.000000000000000000e+00
-3.314233666672476986e-01
-2.484705446124992612e-01
-2.207123652827451821e-01
-2.338722525546903241e-01
-2.103061348391368213e-01
-1.133126230099678819e-02
-2.735858224815339301e-02
-2.336877151030948563e-02
-1.872082278257876722e-02
-2.526062637224944438e-02
-2.357832497332509186e-02
-1.899500651236400023e-02
-3.099524898361600417e-02
-2.766034406176570010e-02
-1.925592645109787740e-02
-1.508893538960714292e-02
-1.271922081459202561e-02
-1.566717600459549553e-02
-2.677966488184779434e-02
-9.751648179551562767e-03
-2.242331342137796057e-02
-2.071280725276713336e-02
-1.778460134145765092e-02
-1.546843732792584254e-02
-1.806125224869872814e-02
-2.263337482503522541e-02
-3.948915203137437491e-02
-4.373498391729710444e-02
-4.217430353442637447e-02
-4.600476654302204649e-02
-3.789311974244752301e-02
-4.370796718918913693e-02
-3.134943660514275671e-02
-2.816884004801442631e-02
-3.625936807460081873e-02
-3.069563678656315325e-02
-2.710106782131918232e-02
-2.596133753088394891e-02
-2.032486340393379123e-02
-3.353942186655597263e-02
-3.026231785001620364e-02
-2.339402213775176875e-02
-1.807272060500143829e-02
-8.694636688652609274e-03
-1.290508339255957114e-02
-7.241876260676355023e-03
-1.362981833791325134e-02
-1.102172728588860472e-02
-1.282542972589704316e-02
-2.467304763543052420e-02
-6.815810707647588368e-03
-2.908440338788584670e-02
-2.348249055438673266e-02
-2.946703827260463773e-02
-9.309351019028426835e-03
-4.728774996304783290e-03
-4.172445273586118490e-03
-7.780638319504575885e-03
-3.873224436422832099e-03
0.000000000000000000e+00
-1.305484624109150629e-02
-1.504712800541258000e-02
-1.799988743038333575e-02
-1.429235727486086530e-02
-7.188924493063329930e-03
-1.812967234734039201e-02
-1.053822374787598964e-02
-1.849202885818352141e-02
-2.216343899412766272e-02
-4.529557613234428542e-02
-3.677361176101521384e-02
-8.938039871438796524e-02
-9.937308692685911660e-02
-1.201119565201185097e-01
-7.016175943828355244e-02
-1.097232309360604841e-01
-1.283781928314448595e-01
-1.494955047294592443e-01
-1.178222335983876295e-01
-1.310027598359200240e-01
-1.224480293414188653e-01
-1.293601794032412378e-01
-1.521914096802038374e-01
-1.496554753880449673e-01
-1.665095513385470016e-01
-1.807197383017827563e-01
-7.139915320780531628e-03
-7.779705801292680252e-03
-1.097518303650346985e-02
-9.121623470936160438e-03
-1.006117542914859442e-01
-1.460796199338204593e-01
-1.206159627951048641e-01
-1.237917628520913971e-01
-1.410492475876876373e-01
-1.764804391432299446e-01
-1.783638438735078990e-01
-2.864808796570933458e-01
-2.613192225912584488e-01
-2.828166873826304384e-01
-2.156373012762870245e-01
-2.756853914424483576e-01
-2.033682498185996612e-01
-2.238035058811031486e-01
-2.002225865993016163e-01
-1.656615967712738169e-01
-2.115381903285089571e-01
-2.354778731971746419e-01
-1.864401198476227373e-01
-2.577908952646136287e-01
-2.329077108328113654e-01
-1.676457756575523150e-01
-1.689035204867829487e-01
-1.424208898684097835e-01
-1.617538482424585311e-01
-1.810107613952539884e-01
-2.561080949805779605e-01
-2.060828289800880342e-01
-1.932408308052019075e-01
-1.854621450934718918e-01
-2.198917095242606257e-01
-1.217334001425454670e-02
-3.193239141261737524e-02
-2.675227987526103413e-02
-3.279789966501553411e-02
-3.738548394394877739e-02
-3.881807034641950038e-02
-2.713168913426504056e-02
-1.268273712767070856e-02
-8.803313233358924308e-03
-4.807215896697961642e-03
-3.202022205453814233e-03
-4.447194045476545007e-18
-5.483861160425116364e-03
-9.044714332903602827e-03
-4.367170733325811266e-02
-4.963435803475373803e-02
-4.792387716303462414e-02
-8.904288489805425172e-03
-4.380090059109512102e-03
0.000000000000000000e+00
-3.442291646702273430e-03
-1.465862474080586661e-02
-2.027558387715778718e-02
-2.219872864857536446e-02
-2.601060672321403588e-02
-1.242948304966973588e-01
-6.843537248180231458e-02
-1.100102430720407420e-01
-1.167229083048011984e-01
-1.556982791690356971e-01
-3.019462109248626236e-01
-2.627289522713640024e-01
-2.485746056532266435e-01
-1.521249551485142071e-01
-1.389102870140966339e-01
-1.673148214260434807e-01
-3.398588084771464457e-02
-3.291490456437526010e-03
-3.751223476278434370e-03
-2.930685441014088122e-01
-2.822378591225221944e-01
-2.527420155957721404e-01
-1.531567040124393042e-01
2.052081396265350299e-01
4.100591357392981313e-03
4.991665621024766325e-02
5.751986285298969076e-02
5.135593857005185670e-02
4.309091097417572930e-02
5.088319135303930041e-02
1.188813129778366479e-01
1.355198176651980502e-01
1.489759718937225808e-01
9.650704399316309412e-02
1.658040749244608925e-01
1.732472314940936287e-01
8.690055282534968339e-02
1.056976276983816465e-01
1.259764290066086034e-01
7.409047752696258649e-02
1.943207680528488690e-01
1.990465917540637855e-02
5.668007189408151569e-02
5.463224349460023971e-02
9.501520121663994956e-02
9.284431475401110079e-02
9.413537586612021058e-02
1.079233894641038333e-01
1.065184524598993265e-01
1.003047286090195944e-01
-3.137588646459307101e-02
1.309843153813960159e-01
3.294811880541350518e-02
2.856872514777753988e-02
2.647906857449246545e-02
-3.612927067397574965e-01
-3.505297523405450089e-01
-4.262864170357762439e-01
4.906429997743388255e-02
0.000000000000000000e+00
2.251258549618107355e-02
1.788177553530529915e-02
2.231894360786025946e-02
2.576443673053279218e-02
3.135562726247903553e-02
-6.561451666442645904e-19
-3.492942477579340406e-03
-1.101043505310544401e-01
-1.171723500677087360e-01
-1.166312166402003192e-01
-1.037062843909090371e-01
-1.345157874515245933e-01
3.536878132943428038e-02
4.072730220187164435e-02
