58
0.302419 0.733766
0.387097 0.804113
0.427419 0.831169
0.489919 0.844697
0.520161 0.844697
0.548387 0.839286
0.568548 0.825758
0.594758 0.801407
0.631048 0.779762
0.641129 0.755411
0.647177 0.712121
0.649194 0.676948
0.645161 0.658009
0.622984 0.633658
0.594758 0.584957
0.564516 0.549784
0.550403 0.536255
0.544355 0.506494
0.538306 0.444264
0.550403 0.344156
0.562500 0.303571
0.582661 0.254870
0.592742 0.230519
0.604839 0.187229
0.610887 0.135823
0.580645 0.095238
0.524194 0.068182
0.459677 0.062771
0.431452 0.070887
0.419355 0.081710
0.407258 0.084416
0.391129 0.127706
0.397177 0.152056
0.409274 0.160173
0.449597 0.181818
0.479839 0.198052
0.491935 0.216991
0.491935 0.233225
0.491935 0.254870
0.491935 0.303571
0.491935 0.352273
0.487903 0.392857
0.477823 0.441558
0.475806 0.498377
0.493952 0.549784
0.510081 0.603896
0.520161 0.649892
0.522177 0.682359
0.489919 0.714827
0.443548 0.720238
0.419355 0.720238
0.399194 0.690476
0.372984 0.658009
0.328629 0.636364
0.298387 0.633658
0.286290 0.636364
0.282258 0.666126
0.284274 0.685065
